11354021
11706594
11906911
12492462
13127743
1318913
13362884
13749286
13774025
13785308
13894808
14085549
15058025
15334442
15376709
15479894
15507105
15507269
15674629
15821523
15842411
15907703
15982944
16247991
16325576
16325837
16495962
16623289
16632576
16642442
16795763
16815415
16856958
17260541
17261405
17270832
1727560
18114374
18166155
18166246
18199951
18250518
18361699
18369480
18494742
18602125
18617633
18621260
1862781
1862795
18648472
18798615
18798810
18858739
18878222
18893612
18901864
18908329
18978277
18980788
19058743
19101259
19136675
19300281
19439489
19446457
1945563
19522289
19558582
19574617
19597812
19656749
19710926
1971905
19744262
19823435
19897583
19915354
19946491
20000777
20028404
20109490
20111514
20121970
20132529
20171730
20182909
20210826
20239993
2024132
20257107
20278196
20460077
20496369
20524225
20524262
20556950
20557814
2060810
20608123
20640390
20643421
20743336
20783498
20861138
20861278
20863342
20903856
20987067
20991940
21021685
21030844
21084269
21136853
21186510
2123517
21283667
21297630
2132282
21360522
21367826
21367905
21367917
21385877
2141967
21447263
2146196
21492025
21511834
21531031
21557603
21567001
21640440
21684947
21861109
21877415
21923504
21943758
21946784
21966904
22057171
22126557
2220961
22265375
22270280
22273232
22276257
22295264
22349170
22370924
22429736
22488844
22506779
22510151
22522748
22536760
22536784
22538586
22579011
22594668
22597050
22654161
22757004
22763028
22778305
22793768
22817499
22858076
23025517
30022965
30042358
30055406
30055427
30056413
30056945
30057365
30060571
30063107
30063197
30063529
30063530
30063534
30063843
30063864
30064056
30065838
30065839
30065841
30066072
30066431
30067201
30071657
30073761
30074251
30074421
30074701
30076326
30076356
30076516
30076517
30076521
30077361
30077878
30078064
30078456
30079417
30080213
30080344
30081694
30081768
30082590
30082768
30083170
30083454
30083519
30083918
30083930
30084809
30085496
30086225
30086531
30087297
30087519
30087539
30087579
30087927
30087941
30087955
30088042
30097614
30104986
30120933
30126170
30135074
30135112
30136221
30136226
30136246
30136530
30136671
30136730
30137464
30137610
30137677
30137698
30138204
30138321
30140296
30144488
30144521
30144659
30151218
30151423
30153618
30155013
30156320
30156830
30170592
30185047
30185065
30185093
30185189
30185204
30185815
30185836
30185837
30185966
30186000
30186082
30186094
30186230
30186231
30186257
30186420
30186508
30186532
30186561
30186562
30186584
30186617
30186620
30186716
30186734
30367420
30397102
30397105
30397109
30397110
30397112
30397115
30397120
30397124
30397129
30397178
30397179
30397180
30397185
30397187
30397188
30397190
30397195
30397196
30397201
30397203
30397204
30397328
30397331
30397332
30397504
30397505
30397509
30397510
30397511
30397512
30397514
30397515
30397516
30397528
30398595
30398596
30398603
30398604
30398606
30398607
30399478
30399480
30399481
30399486
30399490
30400618
30400621
30400624
30400626
30400627
30400631
30400633
30400634
30400636
30400637
30400638
30400641
30401280
30401281
30401284
30401287
30401288
30401293
30403197
30403202
30403206
30403207
30403210
30403216
30403670
30403674
30403679
30403682
30403684
30403686
30403687
30403688
30403990
30403992
30403993
30403995
30403996
30403998
30404002
30404005
30404006
30404036
30404053
30404054
30404985
30404987
30404988
30404992
30404995
30404998
30405001
30405002
30405005
30405007
30405009
30405010
30405011
30405649
30405652
30405655
30405657
30405658
30405659
30406595
30406596
30406599
30406601
30406602
30406604
30406605
30406606
30406619
30406701
30407801
30408448
30408450
30408451
30408452
30408453
30408454
30408455
30408456
30408457
30408459
30408460
30408463
30409209
30409210
30409211
30409212
30409214
30409215
30409216
30409217
30409293
30409295
30409299
30409303
30409842
30409846
30409847
30409850
30409975
30411078
30412362
30412363
30412364
30412366
30412370
30412375
30412376
30412377
30413061
30413062
30413063
30413064
30413065
30413066
30413068
30422371
30422374
30422384
30422386
30422387
30422565
30422567
30422571
30422572
30422573
30422612
30423038
30423464
30423469
30423470
30423471
30423472
30423473
30423475
30423476
30423477
30423478
30423479
30424415
30425153
30425154
30425156
30425162
30425163
30425194
30425313
30425314
30425315
30425316
30425318
30425319
30425323
30425328
30426386
30426389
30426400
30426402
30426565
30426566
30426567
30426568
30426778
30426786
30426787
30426790
30426791
30426796
30426799
30426800
30426801
30426802
30427484
30427485
30427486
30427487
30427488
30427490
30427491
30427492
30427493
30427497
30428285
30428286
30428287
30428292
30428297
30428312
30428313
30428981
30428982
30428983
30428984
30428986
30428991
30428993
30428994
30428995
30428998
30429600
30429601
30429603
30429610
30430148
30430245
30430246
30430247
30430248
30430251
30430252
30430255
30430257
30430259
30430876
30430878
30430880
30430881
30430885
30430886
30430887
30430890
30430891
30430892
30430893
30431121
30431122
30431861
30431863
30431866
30431869
30431872
30431873
30431875
30431877
30431878
30432273
30432274
30432276
30432278
30432280
30432281
30432284
30432285
30432286
30432289
30432291
30434209
30434213
30434216
30434225
30434226
30434227
30434228
30434229
30434230
30434231
30434232
30434233
30434234
30434235
30434238
30434240
30436366
30436367
30436369
30436371
30436372
30436374
30436380
30436390
30436391
30436393
30436395
30436823
30436825
30436827
30436828
30436830
30436831
30436836
30436839
30437279
30437281
30437282
30437285
30437290
30437296
30437529
30437536
30438561
30438564
30440267
30440272
30440275
30440278
30440280
30440282
30440286
30440287
30440290
30440292
30440293
30440295
30440296
30440298
30440301
30440302
30440303
30440304
30440308
30441041
30441045
30441046
30441051
30441052
30441055
30441057
30441058
30441061
30441064
30441065
30441066
30441071
30441073
30441744
30441745
30441747
30441748
30441749
30441751
30441752
30441755
30441759
30442329
30442331
30442384
30442385
30442387
30442388
30442390
30442393
30442394
30442395
30442397
30442399
30442400
30442403
30442404
30442406
30442407
30442408
30442410
30442412
30443621
30443622
30443625
30443628
30443635
30443638
30443641
30443648
30443649
30443650
30443653
30443655
30443656
30444165
30444172
30444175
30444176
30444179
30444180
30444181
30444182
30444184
30444186
30444188
30444189
30444191
30444957
30444960
30444961
30444964
30444966
30444969
30444970
30444971
30444973
30444975
30444979
30444980
30444981
30444982
30444985
30445657
30445658
30445659
30445660
30445661
30445663
30445666
30445668
30445669
30445670
30445671
30445672
30445673
30445674
30445675
30445676
30445714
30446897
30446899
30446901
30446903
30446909
30446910
30446911
30446912
30447149
30447745
30447746
30447749
30447750
30447753
30447759
30447761
30447762
30447763
30447764
30447767
30447771
30447772
30447775
30447776
30447777
30448140
30448148
30448149
30448167
30448170
30448178
30448196
30448216
30448218
30448221
30448306
30448307
30448311
30448313
30448315
30448316
30448971
30448987
30449825
30449827
30449855
30449856
30449860
30449864
30449894
30449895
30449896
30449899
30449900
30451229
30451230
30451231
30451839
30451843
30451848
30451849
30451850
30451853
30451854
30451855
30451856
30451871
30451872
30451883
30451885
30452033
30452748
30452749
30452755
30452758
30452760
30452761
30452762
30452765
30453401
30453600
30453601
30453602
30453603
30453605
30453609
30453612
30453613
30453616
30453620
30453623
30453624
30454272
30454780
30455086
30455087
30455089
30455091
30455095
30455096
30455098
30455101
30455102
30455105
30455106
30455107
30455251
30456573
30456574
30456577
30456578
30457095
30457704
30457706
30457710
30457719
30457900
30458905
30458960
30458962
30458963
30458966
30458971
30458972
30458975
30458977
30458981
30458982
30458984
30459003
30459004
30459008
30460030
30460032
30460042
30460044
30460045
30460046
30460049
30460051
30460057
30460058
30460059
30460495
30460652
30460933
30460935
30460936
30460937
30460938
30460939
30460942
30460943
30460945
30460948
30460949
30461035
30461430
30461974
30462083
30462084
30462354
30462659
30462660
30462662
30462663
30462665
30462666
30462669
30462670
30462672
30462673
30462674
30462677
30462679
30462682
30462683
30462684
30462685
30463420
30463675
30463683
30464000
30464094
30464097
30464099
30464100
30464101
30464103
30464105
30464107
30464111
30464116
30464117
30464127
30464128
30464129
30465089
30465090
30465964
30465971
30465972
30465974
30465976
30465977
30465980
30465981
30465982
30465983
30465986
30465988
30465990
30466071
30466451
30466453
30467078
30467619
30467625
30467626
30467631
30467632
30467669
30467670
30467671
30467672
30467674
30467676
30467680
30467686
30467687
30467689
30467691
30467693
30467694
30467696
30467816
30467817
30467818
30467928
30467941
30468763
30468766
30468769
30468771
30468773
30468775
30468778
30468780
30468782
30469388
30469763
30469768
30470119
30470522
30470523
30470529
30470530
30470535
30470536
30470538
30470543
30470545
30470744
30470745
30470746
30470747
30470748
30471832
30471835
30471836
30471837
30471844
30471847
30471849
30471852
30471853
30472080
30472081
30472083
30472084
30472086
30472088
30472267
30472292
30472293
30472300
30472302
30472303
30472325
30472326
30472414
30472417
30473093
30473131
30473133
30473135
30473141
30473145
30473151
30473152
30473154
30473168
30473170
30473171
30473320
30473862
30473863
30473865
30473867
30473868
30473869
30473870
30473871
30473874
30473877
30473956
30473958
30474217
30474296
30474311
30474779
30474842
30474940
30474943
30474950
30475185
30475625
30475627
30475676
30475956
30475958
30475964
30475970
30475974
30475977
30475978
30476292
30476336
30476363
30476402
30476412
30476413
30476414
30476419
30476432
30476446
30476448
30476452
30476464
30476574
30476757
30476758
30476759
30476760
30476761
30476768
30476769
30476770
30476771
30476772
30476900
30476901
30477259
30477576
30477579
30477586
30477588
30477595
30477921
30477924
30477925
30477937
30478105
30478133
30478134
30478136
30478333
30478370
30478389
30478628
30479126
30479127
30479128
30479129
30479133
30479138
30479141
30479147
30479352
30479433
30479436
30479439
30479440
30479441
30479444
30479445
30479446
30479447
30479803
30479806
30479808
30479810
30479941
30479943
30480170
30480464
30480467
30480654
30480664
30481037
30481072
30481073
30481076
30481093
30481184
30481187
30481188
30481219
30481238
30481241
30481494
30481532
30481593
30481677
30481983
30481985
30481989
30481991
30481997
30481998
30482000
30482001
30482002
30482003
30482004
30482165
30482166
30482167
30482176
30482548
30482873
30482874
30482881
30482891
30482892
30483127
30483292
30483297
30483298
30483302
30483304
30483551
30483566
30483622
30483791
30483792
30483862
30483969
30483972
30483977
30483981
30483983
30483984
30483985
30483987
30483989
30483990
30484022
30484025
30484515
30484516
30484742
30484814
30484821
30484822
30484859
30484861
30484862
30484863
30484864
30484866
30484867
30484872
30484878
30484879
30484880
30484881
30484883
30484892
30484893
30485089
30485090
30485095
30485102
30485105
30485262
30485479
30485482
30485498
30485503
30485513
30485514
30485515
30485543
30485609
30485933
30485936
30485937
30485938
30485941
30485946
30485948
30485954
30485955
30485958
30486091
30486141
30486142
30486143
30486145
30486146
30486147
30486148
30486149
30486150
30486151
30486153
30486154
30486155
30486156
30486157
30486158
30486159
30486160
30486161
30486162
30486163
30486164
30486165
30486166
30486167
30486168
30486858
30486875
30486879
30486892
30486893
30486894
30487015
30487016
30487018
30487222
30487228
30487229
30487230
30487236
30487237
30487238
30487239
30487240
30487243
30488033
30488039
30488040
30488043
30488044
30488051
30488061
30488064
30488068
30488104
30488106
30488108
30488112
30488114
30488115
30488116
30488117
30488185
30488186
30488696
30488699
30488802
30488910
30488911
30488912
30488916
30488920
30488921
30488927
30488930
30488933
30488934
30489010
30489011
30489173
30489226
30489227
30489228
30489248
30489250
30489358
30489359
30489362
30489406
30489407
30489646
30489933
30489936
30489937
30489938
30489940
30489942
30489943
30489947
30489949
30489950
30489951
30490227
30490228
30490230
30490231
30490232
30490642
30490713
30490758
30490759
30490760
30490761
30490762
30490771
30490785
30490789
30490791
30490792
30490795
30490800
30491048
30491055
30491062
30491063
30491280
30491281
30491282
30491291
30491295
30491296
30491297
30491301
30491305
30491306
30491307
30491310
30491313
30491314
30491316
30491317
30491536
30491537
30491725
30491762
30491769
30491782
30491783
30491879
30492138
30492286
30492288
30492379
30492380
30492381
30492382
30492383
30492392
30492395
30492561
30492980
30492981
30492983
30493057
30493061
30493062
30493169
30493170
30493184
30493185
30493186
30493187
30493193
30493194
30493195
30493197
30493199
30493200
30493201
30493203
30493205
30493209
30493210
30493407
30493715
30493717
30493718
30493720
30494052
30494053
30494059
30494060
30494262
30494263
30494265
30494269
30494360
30494366
30494367
30494369
30494372
30494381
30494531
30494563
30494566
30494567
30494569
30494577
30494579
30494580
30494648
30494649
30494727
30494775
30494997
30495096
30495208
30495345
30495346
30495347
30495348
30495349
30495350
30495351
30495352
30495353
30495354
30495355
30495356
30495357
30495358
30495359
30495360
30495361
30495362
30495363
30495364
30495365
30495366
30495367
30495368
30495588
30495592
30495594
30495598
30495600
30495604
30495605
30495606
30495652
30495660
30495923
30496167
30496251
30496257
30496258
30496262
30496267
30496272
30496273
30496283
30496286
30496290
30496298
30496340
30496404
30496465
30496473
30496475
30496477
30496481
30496485
30496625
30496659
30496673
30496675
30496709
30496948
30496991
30497091
30497092
30497097
30497102
30497103
30497111
30497262
30497693
30497695
30497700
30497701
30497705
30497707
30497708
30497709
30497713
30497717
30497719
30497721
30497722
30497725
30497967
30497972
30497985
30498103
30498106
30498107
30498108
30498165
30498300
30498301
30498304
30498305
30498306
30498308
30498488
30498492
30498513
30498708
30498711
30498712
30498713
30498858
30498860
30498863
30498866
30498867
30498871
30498872
30498873
30499041
30499099
30499179
30499181
30499182
30499183
30499606
30499608
30499611
30499613
30499620
30499622
30499623
30499624
30499626
30499725
30500409
30500510
30500629
30500631
30500633
30500636
30500644
30500646
30500653
30500655
30500657
30500661
30500662
30500663
30500717
30500915
30500916
30500934
30500935
30500968
30500972
30500974
30500976
30500977
30500978
30500981
30500982
30500983
30500992
30500993
30500998
30501200
30501205
30501208
30501296
30501305
30501306
30501424
30501450
30501483
30501488
30501489
30501492
30501538
30501540
30501542
30501545
30501553
30501574
30501607
30501608
30501734
30501821
30501824
30501828
30501834
30501838
30501840
30501841
30501842
30501843
30501846
30502175
30502282
30502288
30502289
30502292
30502293
30502294
30502296
30502299
30502300
30502303
30502309
30502310
30502314
30502325
30502326
30502327
30502407
30502410
30502411
30502413
30502414
30502415
30502419
30502424
30502425
30502516
30502517
30502624
30502794
30502895
30502897
30502898
30502899
30502900
30502901
30502902
30502903
30503205
30503207
30503208
30503212
30503213
30503214
30503215
30503219
30503225
30503226
30503227
30503228
30503229
30503244
30503245
30503247
30503248
30503249
30503252
30503253
30503255
30503256
30503257
30503258
30503342
30503372
30503374
30503376
30503383
30503384
30503385
30503386
30503387
30503392
30503480
30503482
30503483
30503484
30503485
30503486
30503511
30503512
30503540
30503541
30503542
30503543
30503544
30503545
30503548
30503593
30503675
30503683
30503952
30503954
30503955
30503959
30503968
30503971
30503974
30503975
30503976
30503977
30503978
30503980
30504142
30504248
30504252
30504320
30504327
30504611
30504616
30504617
30504619
30504621
30504623
30504628
30504630
30504633
30504641
30504740
30504774
30504775
30504776
30504778
30504780
30504785
30504786
30504787
30504920
30504924
30504928
30505013
30505016
30505017
30505150
30505151
30505152
30505153
30505154
30505157
30505160
30505162
30505164
30505203
30505210
30505211
30505214
30505217
30505219
30505227
30505231
30505232
30505233
30505239
30505243
30505254
30505263
30505544
30505547
30505549
30505550
30505551
30505553
30505554
30505555
30505556
30505557
30505558
30505632
30505742
30505882
30505883
30505886
30505889
30505890
30505894
30505896
30505898
30506091
30506098
30506099
30506103
30506108
30506111
30506113
30506189
30506284
30506528
30506533
30506535
30506547
30506554
30506600
30506601
30506604
30506605
30506606
30506607
30506608
30506613
30506615
30506619
30506621
30506622
30506623
30506696
30506977
30506979
30506988
30507164
30507165
30507293
30507294
30507488
30507494
30507496
30507501
30507504
30507506
30507507
30507509
30507519
30507582
30507584
30507585
30507588
30507590
30507592
30507594
30507596
30507645
30507649
30507816
30507858
30507892
30507893
30507897
30508163
30508166
30508217
30508218
30508219
30508221
30508328
30508329
30508342
30508343
30508344
30508346
30508350
30508352
30508358
30508361
30508363
30508366
30508369
30508371
30508372
30508374
30508375
30508395
30508574
30508718
30508720
30508876
30508877
30508880
30508883
30508885
30508887
30508888
30508915
30509200
30509202
30509203
30509204
30509206
30509207
30509210
30509229
30509281
30509300
30509313
30509319
30509320
30509322
30509324
30509329
30509330
30509331
30509739
30509748
30509757
30509761
30509771
30509776
30509777
30509779
30509780
30509783
30510014
30510048
30510222
30510646
30510980
30510983
30510987
30510990
30511003
30511006
30511009
30511011
30511013
30511020
30511021
30511022
30511202
30511203
30511394
30511395
30511404
30511406
30511412
30511795
30511803
30511804
30511841
30511842
30511860
30511862
30511863
30511864
30511865
30512440
30512441
30512443
30512445
30512450
30512451
30512452
30512453
30512454
30512455
30512456
30512457
30512659
30512695
30512728
30512730
30512731
30512914
30513073
30513075
30513076
30513080
30513082
30513084
30513085
30513086
30513087
30513094
30513108
30513115
30513189
30513192
30513195
30513201
30513207
30513208
30513210
30513211
30513212
30513213
30513224
30513226
30513228
30513229
30513233
30513235
30513236
30513435
30513438
30513439
30513472
30513474
30513494
30513497
30513499
30513500
30513503
30513632
30513944
30513946
30513948
30513949
30513950
30514200
30514246
30514247
30514248
30514250
30514251
30514252
30514253
30514254
30514255
30514256
30514257
30514317
30514445
30514469
30514474
30514475
30514713
30514714
30514716
30514723
30514726
30514759
30514770
30514776
30514780
30514789
30514790
30514791
30514798
30514800
30514801
30514803
30514805
30514806
30514807
30514946
30514954
30514958
30515058
30515225
30515254
30515255
30515265
30515915
30515925
30516157
30516158
30516160
30516161
30516162
30516163
30516165
30516167
30516168
30516169
30516170
30516171
30516177
30516306
30516453
30516454
30516455
30516458
30516459
30516472
30516557
30516559
30516613
30516839
30516840
30517078
30517079
30517081
30517082
30517084
30517085
30517086
30517087
30517197
30517213
30517224
30517259
30517275
30517276
30517282
30517284
30517285
30517287
30517290
30517291
30517294
30517494
30517495
30517496
30517497
30517499
30517500
30517501
30517502
30517503
30517505
30517507
30517508
30517762
30517861
30517867
30517869
30517870
30517916
30517917
30517918
30517922
30517923
30517927
30518056
30518058
30518088
30518089
30518091
30518092
30518093
30518125
30518130
30518136
30518339
30518379
30518380
30518381
30518558
30518566
30518568
30518594
30518598
30518599
30518635
30518899
30518938
30519076
30519136
30519137
30519143
30519144
30519149
30519150
30519152
30519153
30519155
30519165
30519166
30519171
30519328
30519338
30519353
30519356
30519496
30519497
30519703
30519705
30519706
30519707
30519708
30519798
30519820
30519821
30520323
30520482
30520483
30520484
30520485
30520486
30520487
30520488
30520491
30520493
30520494
30520498
30520501
30520502
30520504
30520505
30520506
30520507
30520508
30520510
30520511
30520512
30520513
30520517
30520519
30520521
30520530
30520560
30520561
30520562
30520563
30520567
30520570
30520572
30520660
30521026
30521027
30521028
30521030
30521074
30521075
30521076
30521077
30521086
30521098
30521102
30521103
30521105
30521106
30521112
30521113
30521120
30521182
30521195
30521204
30521262
30521365
30521366
30521368
30521371
30521372
30521374
30521375
30521547
30521549
30521552
30521554
30521555
30521813
30521912
30521915
30522054
30522120
30522128
30522269
30522272
30522273
30522274
30522283
30522474
30522702
30522799
30522802
30522805
30522879
30522945
30522946
30522965
30523085
30523459
30523460
30523461
30523479
30523510
30523550
30523552
30523678
30523680
30523681
30523682
30523684
30523686
30524136
30524150
30524151
30524345
30524356
30524357
30524358
30524359
30524361
30524362
30524364
30524366
30524367
30524561
30524564
30524587
30524589
30524590
30524591
30524592
30524594
30524610
30524806
30524807
30524808
30524818
30524823
30524834
30524835
30524836
30524837
30524838
30524847
30524848
30525130
30525132
30525134
30525136
30525138
30525143
30525144
30525146
30525149
30525156
30525159
30525193
30525231
30525241
30525245
30525327
30525328
30525330
30525341
30525381
30525408
30525432
30525433
30525546
30525548
30525549
30525552
30525554
30525555
30525557
30525559
30525571
30525572
30525580
30525583
30525610
30525615
30525646
30525661
30525677
30525793
30525795
30525920
30525927
30525940
30525944
30526037
30526038
30526039
30526087
30526089
30526095
30526127
30526128
30526501
30526502
30526503
30526504
30526776
30526778
30526905
30526908
30526915
30526935
30527016
30527020
30527023
30527024
30527025
30527026
30527027
30527029
30527031
30527032
30527033
30527034
30527035
30527037
30527287
30527289
30527294
30527473
30527476
30527492
30527693
30527829
30527917
30527920
30528196
30528305
30528483
30528484
30528486
30528490
30528492
30528713
30528715
30528880
30528898
30529052
30529055
30529058
30529059
30529069
30529079
30529291
30529356
30529357
30529387
30529390
30529392
30529393
30529716
30529718
30529719
30529791
30529813
30529818
30529830
30529832
30529834
30529840
30529841
30529850
30529978
30529979
30529980
30529982
30529997
30529998
30529999
30530000
30530001
30530004
30530053
30530073
30530092
30530094
30530096
30530098
30530100
30530103
30530106
30530247
30530583
30530603
30530622
30530623
30530645
30530647
30530649
30530650
30530651
30530652
30530653
30530676
30530784
30531054
30531056
30531057
30531251
30531301
30531303
30531428
30531530
30531542
30531635
30531636
30531642
30531646
30531651
30531862
30531864
30531869
30531870
30531936
30531959
30531960
30531961
30531964
30531966
30531983
30531991
30532250
30532407
30532434
30532437
30532462
30532463
30532615
30532617
30532619
30532620
30532623
30532698
30532818
30532856
30532857
30532858
30532864
30532865
30532883
30532884
30532886
30532889
30532890
30532891
30532895
30532897
30532899
30532902
30532904
30533077
30533084
30533089
30533094
30533100
30533669
30533680
30533686
30533688
30533689
30533694
30533696
30533701
30533706
30533890
30533891
30533892
30533893
30533894
30533897
30534060
30534087
30534092
30534102
30534104
30534105
30534106
30534135
30534316
30534318
30534320
30534321
30534324
30534325
30534326
30534328
30534329
30534334
30534343
30534347
30534350
30534354
30534357
30534360
30534453
30534487
30534526
30534536
30534562
30534563
30534579
30534615
30534742
30534743
30534744
30534745
30534746
30534747
30534748
30534749
30534750
30534751
30534781
30534827
30534828
30534949
30534966
30534975
30534980
30534981
30534991
30535060
30535240
30535243
30535244
30535245
30535247
30535259
30535280
30535281
30535287
30535291
30535294
30535304
30535335
30535552
30535553
30535568
30535595
30535612
30535636
30535891
30535894
30535900
30535901
30535905
30535907
30536141
30536142
30536176
30536178
30536179
30536181
30536182
30536184
30536742
30536754
30536842
30536843
30536887
30537114
30537142
30537143
30537144
30537319
30537334
30537335
30537336
30537337
30537338
30537342
30537344
30537349
30537350
30537352
30537358
30537359
30537360
30537361
30537433
30537434
30537435
30537436
30537437
30537438
30537439
30537440
30537443
30537445
30537447
30537495
30537496
30537592
30537593
30537608
30537609
30537610
30537611
30537614
30537615
30537618
30537639
30537648
30537650
30537663
30537664
30537671
30537679
30537680
30537682
30537683
30537684
30537744
30537755
30537762
30537924
30537939
30538010
30538022
30538023
30538337
30538349
30538351
30538352
30538670
30538675
30538690
30538693
30538708
30538712
30538794
30538815
30538936
30538952
30539024
30539035
30539041
30539051
30539055
30539064
30539093
30539094
30539095
30539098
30539221
30539250
30539281
30539294
30539295
30539296
30539594
30539596
30539662
30539664
30539674
30539676
30539681
30539682
30539683
30539684
30539685
30539694
30539716
30539717
30539979
30539981
30539982
30539983
30540040
30540196
30540204
30540205
30540327
30540337
30540339
30540420
30540421
30540423
30540427
30540587
30540588
30540591
30540601
30540622
30540635
30540637
30540680
30540763
30540769
30540770
30540771
30540773
30540779
30540781
30540782
30540899
30540900
30540901
30540976
30540978
30541024
30541038
30541046
30541077
30541130
30541216
30541293
30541295
30541296
30541354
30541435
30541466
30541567
30541569
30541572
30541575
30541581
30541586
30541697
30541698
30541994
30542001
30542003
30542242
30542243
30542246
30542330
30542507
30542508
30542509
30542524
30542565
30542683
30542685
30542687
30542692
30542760
30542763
30542774
30542777
30542778
30542779
30542792
30542797
30542799
30542800
30542808
30542827
30542934
30543104
30543105
30543106
30543108
30543357
30543423
30543473
30543475
30543476
30543728
30543736
30543740
30543741
30543744
30543830
30543831
30543832
30543833
30543834
30543855
30543856
30543888
30543893
30543895
30543897
30543936
30543937
30543941
30543942
30543945
30543946
30543949
30543951
30543952
30543953
30543954
30543955
30544309
30544311
30544443
30544507
30544553
30544555
30544556
30544789
30544790
30544792
30544794
30544795
30544801
30544806
30544807
30544808
30544815
30544876
30544877
30544878
30544957
30544963
30544972
30544974
30545495
30545497
30545500
30545502
30545672
30545705
30545908
30545909
30545910
30545911
30545914
30545962
30545964
30546197
30546198
30546320
30546321
30546677
30546687
30546688
30546690
30546691
30546692
30546693
30546695
30547006
30547008
30547014
30547015
30547021
30547023
30547025
30547029
30547037
30547073
30547078
30547083
30547086
30547096
30547206
30547239
30547240
30547469
30547471
30547474
30547475
30547731
30547929
30547936
30548099
30548194
30548196
30548197
30548201
30548203
30548407
30548408
30548603
30548604
30548730
30548736
30548737
30548766
30548767
30548775
30548784
30548785
30548786
30548787
30548789
30548790
30548791
30548792
30548794
30548797
30548801
30548859
30548896
30548902
30548956
30548958
30548960
30548963
30549008
30549074
30549095
30549096
30549108
30549194
30549198
30549199
30549204
30549323
30549801
30549909
30549912
30549914
30549918
30550003
30550035
30550036
30550038
30550047
30550200
30550217
30550259
4055084
4100503
4109005
4125536
4125538
4127430
4127442
4128915
4129181
4137353
4151664
4152798
4152898
4154316
4163522
4163525
4164919
4166879
4166906
4167485
4168808
4169432
4171188
4173251
4174516
4174530
4201441
4201451
4201452
4201458
4206285
4215271
4216347
4216512
4216945
4221268
4221269
4221279
4221283
4221286
4221292
4221298
4221316
4222852
4222853
4228036
4228346
4230597
4230652
4231096
4234679
4239231
4241852
4244927
4245117
4307365
4307420
4307434
4307466
4310842
4313471
4315963
4315965
4320888
4320891
4321399
4324084
4324086
4324962
4328960
4330669
4330676
4330681
4334797
4335781
4335938
4335944
4337013
4337027
4337664
4340526
4342358
4344856
4352227
4352422
4352424
4352426
4352540
4355589
4356690
4360361
4360388
4360389
4360596
4360720
4360766
4361728
4361735
4362640
4362646
4365208
4365914
4365920
4366021
4366027
4366040
4366133
4366137
4367149
4371424
4374027
4374652
4375331
4377434
4377750
4379856
4379862
43816364
43816375
43816551
43816591
43816593
43816642
43816710
43816712
43816862
43816905
43816932
43816933
43816936
43816937
43816938
43816939
43816942
43817012
43817056
43817472
43817537
43817762
43817775
43817783
43817800
43817812
43817918
43818073
43818087
43818210
43818358
43818552
43818595
43818618
43818625
43819099
43819100
43819105
43819107
43819112
43819113
43819127
43819207
43819346
43819361
43819507
43819567
43819575
43819816
43819819
43819970
43820123
43820124
43820179
43820204
43820208
43820373
43820461
43820544
43820563
43820577
43820589
43820600
43820611
43820622
43820633
43820644
43820657
43820668
43820701
43820713
43820731
43820738
43820782
43820804
43820812
43820934
43821083
43821600
43821644
43821991
43822005
43822087
43822128
43822345
43822350
43822514
43822523
43822526
43822646
43822911
43823013
43823018
43823024
43823038
43823057
43823131
43823170
43823275
43823476
43823478
43823506
43823507
43823510
43823513
43823515
43823519
43823520
43823524
43823526
43823527
43823529
43823530
43823535
43823537
43823540
43823687
43823704
43823851
43823853
43823854
43823915
43824407
43824422
43824427
43824461
43824463
43824477
43824521
43825247
43825368
43825443
43825447
43825450
43825455
43825477
43825479
43825490
43825500
43825502
43825503
43825547
43825555
43825616
43825761
43825786
43825800
43825867
43826010
43826094
43826309
43826333
43826358
43826422
43826519
43826523
43826524
43826664
43826917
43827293
43827306
43827319
43828226
43828281
43828347
43828348
43828647
43828793
43828800
43828802
43828811
43829095
43829146
43829147
43829289
43829305
43829334
43829343
43829368
43829369
43829373
43829387
43829630
43829676
43829869
43829870
43830001
43830232
43830233
43830245
43830283
43830348
43830408
43830411
43830470
43830471
43830475
43830478
43830480
43830482
43830505
43830785
43830848
43830852
43830855
43830856
43830976
43830984
43830986
43831405
43831416
43831449
43831469
43831576
43831620
43831634
43831646
43831766
43831771
43831772
43831774
43831816
43831860
43831862
43832059
43832066
43832069
43832100
43832265
43832671
43832750
43832815
43832821
43832833
43832859
43833179
43833192
43833193
43833460
43833716
43833830
43833856
43833925
43833926
43833928
43833929
43833930
43833931
43833932
43834024
43834036
43834047
43834051
43834113
43834186
43834447
43834448
43834449
43834450
43834451
43834452
43834453
43834494
43834899
43834900
43834939
43834963
43834965
43834968
43835034
43835732
43835733
43835736
43835744
43835757
43835758
43835759
43835780
43835781
43835782
43835784
43835866
43835975
43835989
43835996
43836045
43836052
43836333
43836334
43836341
43836343
43836345
43836348
43836349
43836352
43836355
43836357
43836361
43836363
43836374
43836375
43836376
43836379
43836780
43836829
43836831
43837020
43837046
43837400
43837420
43837436
43837457
43837521
43837612
43837617
43837713
43837733
43837748
43838314
43838332
43838377
43838405
4400612
44046704
44046875
44047230
44047257
44047594
44047658
44047660
44047661
44047667
44047669
44047670
44047673
44047674
44047675
44047848
44047872
44047939
44047944
44047948
44047953
44048127
44048135
44048153
44048369
44048768
44048770
44049475
44049476
44049490
44049497
44049585
44049586
44049884
44049992
44050076
44050786
44050876
44050899
44050917
44050920
44050922
44050938
44050963
44050965
44050986
44050992
44050999
44051005
44051273
44051274
44051344
44052008
44052009
44052033
44052087
44052108
44052114
44052124
44052138
44052326
44052329
4406933
4406959
4407443
4407460
4409017
4409098
4409556
4413547
4413550
4414182
4416541
4416546
4416630
4416834
4417753
4417763
4417765
4417774
4417777
4419081
4419722
4423198
4423596
4423644
4423658
4424038
4427880
4430100
4431206
4431211
4431218
4431374
4431379
4440049
4440065
4440683
4440686
4440688
45008690
45009147
45009209
45009319
45009425
45009448
45009509
45009545
45009553
45009600
45009667
45009793
45009817
45009924
45010053
45010066
45010071
45010174
45010175
45010322
45010710
45010736
45010787
45010830
45010872
45010958
45011108
45011424
45011502
45011563
45011565
45011636
45011638
45011755
45011780
45012263
45012271
45012294
45012298
45012357
45012358
45012476
45012480
45012535
45012536
45012568
45012956
45012968
45012972
45012974
45012985
45013004
45013241
4503739
4504950
4504962
4504972
4506834
4506853
4506883
4507065
4509944
4509972
45100405
45100407
45100410
45100412
45100413
45100414
45100416
45100417
45100419
45100420
45100422
45100423
45100424
45100425
45100426
45100428
45100429
45100430
45100431
45100435
45100436
45100437
45100438
45100731
45100737
45100740
45100964
45101028
45101079
45101127
45101143
45101149
45101567
45101626
45101629
45101658
45101664
45101697
45101704
4511051
4511054
4511083
4511131
4526822
4528140
4530938
4530947
4530967
4530970
4535015
4535022
4535092
4535235
4537005
4539222
4540698
4540872
4541358
4541378
4541382
4541383
4541387
4541392
4542009
4542198
4545637
4545638
4545642
4546142
4550854
4553363
4553383
4553408
4553581
4553583
4553586
4553590
4553597
4553604
4554991
4554994
4554996
4555005
4555010
4555020
4555023
4555027
4555032
4555037
4557201
4557203
4557792
4557803
4559237
4560223
4562648
4565040
4565195
4565202
4565206
4567090
4567091
4567093
4567098
4567101
4567488
4567522
4567533
4567995
4568499
4568529
4569841
4569843
4569870
4569906
4571137
4571689
4572354
4572371
4574092
4574096
4574106
4574110
4574113
4574743
4574746
4576321
4576329
4576338
4576340
4576349
4576356
4576381
4576412
4576430
4576474
4576479
4580290
4580661
4580665
4580671
4580680
4580710
4601196
4601235
4601246
4601302
4601913
4601916
4601918
4601919
4602033
4602475
4602476
4602479
4602480
4602488
46030181
46030816
46030887
46030895
46030896
46030919
46031277
46031359
46031361
46031402
46031406
46031409
46031411
46031412
46031429
46031432
46031433
46031434
46031435
46031436
46031441
46031442
46031548
46031582
46032012
46032015
46032017
46032052
46032057
46032059
46032063
46032065
46032069
46032075
46032077
46032081
46032083
46032317
46032318
46032320
46032473
46032478
46032663
46032711
46032723
46032729
46032731
46032737
46032758
46033487
46033557
46033637
46033679
46033680
46033683
46033688
46033721
46033722
46033723
46033724
46033726
46033727
46033732
46033879
46033883
46033898
46034141
46034143
46034263
46034410
46034841
46035070
46035175
46035181
46035298
46035299
46035308
46035312
46035451
46035533
46035631
46035653
46035654
46036076
46036264
46036281
46036298
46036301
46036363
46036391
46036392
46036400
46036404
46036580
46036582
46036583
46036584
46036647
46036952
46036958
46036971
46036977
46037079
46037159
46037237
46037316
46037534
46037539
46037569
46037725
46037728
46037761
46037765
46037786
46037798
46037800
46037883
46038130
46038361
46038363
46038364
46038366
46038367
46038368
46038371
46038372
46038375
46038426
46038427
46038429
46038441
46038516
46038522
46038531
46038535
46038735
46039009
46039070
46039123
46039126
46039313
46039314
46039315
46039323
46039327
46039340
46039614
46039787
46039856
46040390
46040391
46040394
46040395
46040396
46040397
46040399
46040400
46040402
46040405
46040406
46040407
46040586
46040588
46040589
46040591
46040592
46040593
46040594
46040706
46040738
46041023
46041038
46041078
46041126
46041136
46041447
46041449
46041453
46041456
46041517
46041551
46041553
46041554
46041560
46041667
46041755
46041764
46042061
46042339
46042351
46042359
46042368
46042369
46042380
46042428
46042433
46042738
46042739
46042747
46042759
46042799
46042816
46042994
46043056
46043225
46043229
46043254
46043258
46043262
46043570
46043965
46043968
46043970
46043971
46043972
46043973
46043974
46044380
46044409
46044510
46044614
46044617
46044618
46044619
46044620
46044621
46044622
46044623
46044624
46044625
46044626
46044668
46044838
46044844
46044889
46044890
46044892
46044898
46044908
46044914
46044917
46044921
46044925
46044927
46044968
46044997
46045016
46045018
46045026
46045027
46045104
46045457
46045494
46045501
46045587
46045588
46045590
46045598
4604593
4604596
46046142
46046145
46046146
46046149
46046153
46046156
46046346
46046348
46046349
46046364
46046378
46046386
46046387
46046392
46046398
46046421
46046446
46046455
46046458
46046469
46046474
46046526
46046527
46046545
46046549
46046770
46046869
46046890
46046898
46046900
46046905
46047418
46047437
46047447
46047628
46047678
46047767
46047771
46047772
46047774
46047826
46047848
46047865
46047867
46047869
46047870
46047873
46047897
46048210
46048594
46048596
46048597
46048958
46048995
46049098
46049185
46049211
46049323
46049355
46049358
46049361
46049363
46049366
46049368
46049369
46049370
46049481
46049594
46049599
46049717
46049727
46049819
46050288
46050386
46050397
46050409
46050883
46051074
46051230
46051232
46051248
46051249
46051261
46051282
46051318
46051324
46051325
46051383
46051385
46051396
46051397
46051398
46051539
46051549
46051698
46051699
46051700
46051701
46051703
46051704
46051954
46052008
46052109
46052468
46052544
46052605
46052671
46053056
46053059
46053142
46053151
46053216
46053489
46053679
46053771
46053927
46054019
46054376
46054380
46054421
46054422
46054517
46054519
46054520
46054522
46054523
46054526
46054529
46054531
46054549
46054551
46054558
46054560
46054561
46054648
46054650
46054824
46054846
46054852
46055014
46055051
46055073
46055076
46055077
46055092
46055100
46055101
46055103
46055104
46055120
46055150
46055152
46055282
46055486
46055697
46055732
46056092
46056093
46056095
46056098
46056099
46056324
46056332
46056335
46056351
46056355
46056356
46056357
46056440
46056484
46056561
46056563
46056831
46057427
46057440
46057587
46057755
46057766
46057984
46058403
46058406
46058420
46058426
46058650
46058687
46058689
46058838
46058846
46058851
46058856
46058871
46058878
46058932
46059024
46059282
46059285
46059289
46059290
46059291
46059323
46059328
46059355
46059424
46059432
46059434
46059620
46059644
46059645
46059661
46059908
46059977
46060196
46060209
46060215
46060231
46060235
46060360
46060365
46060368
46060369
46060370
46060372
46060376
46060377
46060378
46060380
46060446
46060513
46060517
46060526
46060530
46060532
46060927
46061137
46061167
46061169
46061171
46061172
46061182
46061188
46061190
46061259
46061281
46061306
46061499
46061501
46061511
46061512
46061569
46061625
46061626
46061660
46061879
46061989
46062368
46062375
46062515
46062521
46062941
46063357
46063358
46063360
46063361
46063462
46063468
46063475
46063479
46063702
46063918
46063921
46063922
46063931
46063978
46063988
46063993
46064016
46064027
46064329
46064359
46064487
46064702
46064853
46064910
46064927
46064934
46064938
46064952
46065363
46065367
46065599
46065808
4606597
4606599
4606607
4606612
46066361
46066482
46066483
46066485
46066486
46066749
46066785
46066863
46067102
46067103
46067232
46067238
46067247
46067253
46067682
46067683
46067900
46067984
46067991
46068005
46068201
46068638
46069117
46069450
46069519
46069521
46069523
46069525
46069526
46069527
46069528
46069529
46069530
46069531
46069535
46069536
46069537
46069564
46069745
46069764
46070055
46070092
46070132
46070145
46070146
46070147
46070433
46070737
46070739
46070741
46070744
46070755
46070925
46070926
46070927
46070931
46070935
46070936
46070938
46070939
46070977
46070987
46071049
46071095
46071207
46071208
46071324
46071350
46071405
46071423
46071433
46071535
46071587
46071592
46071658
46071804
46072040
46072317
46072318
46072319
46072504
46072518
46072578
4607319
46073461
46073466
46073530
46073531
46073586
46073591
46073592
46073874
46074033
46074105
46074290
46074324
46074448
46074474
46074630
46074633
46074634
46074731
46074910
46074915
46074920
46074925
46074926
46074927
46074930
46074931
46074932
46074934
46074936
46074939
46074945
46075456
46075851
46075923
46076279
46076350
46076414
46076611
4607776
4607824
4607834
4607837
4607840
4607844
46079376
46079788
46079795
46079796
46079797
46080099
46080103
46080106
46080108
46080222
46080223
46080224
46080607
46080613
46080807
46080932
46080944
46080973
46081047
46081053
46081292
46081469
46081596
46081646
46081989
46082063
46082064
46082316
46082390
46082397
46082416
46082424
46082427
46082450
46082470
4608248
46082569
46082584
46082587
46082588
46082593
46082594
46082615
46082616
46082620
46082624
46082638
46082722
46082740
46082741
46082742
46082744
46082745
46082746
46082776
46083255
46083256
46083258
46083260
46083261
46084077
46084081
46084086
46084125
46084141
46084150
4608448
46084525
46084621
46084634
46084644
46084686
46084771
46084774
46084801
46084838
46084854
46084862
46084873
46084875
46084876
46084890
46084923
46085022
46085033
46085045
46085046
46085162
46085233
46085234
46085272
46085314
46085330
46085443
46085445
46085447
46085449
46085673
46085674
46085676
46085677
46085681
46086231
46086846
46086848
46086900
46086902
46086939
46087165
46087167
46087169
46087174
46087181
46087183
46087203
46087297
46088136
46088538
46088546
46088600
46088730
46088818
46088819
46088820
46088829
46088838
46089039
46089383
46089396
46089403
46089508
46089907
46089908
46090145
46090314
46090322
46090327
46090336
46090338
46090342
46090344
46090349
46090388
46090427
46090438
46090439
46090440
46090441
46090442
46090445
46090446
46090447
46090448
46090450
46090453
46090455
46090456
46090458
46090460
46090461
46090466
46090484
46090486
46090487
46090488
46090489
46090493
46090495
46090496
46090497
46090499
46090530
46090687
46090688
46090690
46090818
46090819
46090834
46090847
46091015
46091021
46091024
46091025
46091032
46091040
46091077
46091289
46091304
46091347
46091363
46091405
46091406
46091410
46091411
46091414
46091415
46091416
46091417
46091421
46091423
46091424
46091425
46091427
46091428
46091429
46091430
46091431
46091432
46091433
46091434
46091435
46091436
46091437
46091438
46091463
46091542
46091551
46091655
46091682
46091696
46091702
46091703
46092001
46092003
46092004
46092047
46092146
46092237
46092481
46092482
46092483
46092485
46092487
46092488
46092491
46092494
46092495
46092496
46092500
46092687
46092689
46092690
46092691
46092762
46092782
46092801
46092844
46093001
46093002
46093003
46093004
46093005
46093006
46093021
46093022
46093023
46093024
46093026
46093047
46093054
46093060
46093069
46093247
46093293
46093320
46093321
46093322
46093338
46093342
46093343
46093345
46093352
46093356
46093401
46093402
46093403
46093404
46093413
46093414
46093447
46093451
46093463
46093512
46093892
46093968
46093976
46093977
46094001
46094333
46094351
46094359
46094360
46094361
46094363
46094364
46094393
46094679
46094680
46094681
46094682
46094686
46094876
46094877
46094899
46094955
46094988
46095149
46095151
46095152
46095156
46095195
46095319
46095548
46095819
46095821
46095826
46095835
46095842
46095843
46095891
46095997
46095998
46095999
46096000
46096121
46096122
46096143
46096179
46096307
46096346
46096365
46096432
46096433
46096434
46096435
46096436
46096437
46096451
46096467
46096480
46096484
46096485
46096486
46096487
46096490
46096493
46096499
46096502
46096503
46096506
46096510
46096511
46096512
46096528
46096631
46096651
46096655
46096661
46096750
46096757
46096770
46096771
46096772
46096773
46096778
46096827
46096829
46096867
46097141
46097142
46097143
46097144
46097146
46097147
46097149
46097152
46097404
46097501
46097503
46097513
46097579
46097748
46097795
46097947
46097948
46097949
46097950
46097951
46098007
46098008
46098009
46098044
46098096
46098237
46098241
46098243
46098246
46098250
46098251
46098260
46098267
46098268
46098270
46098271
46098275
46098277
46098279
46098320
46098322
46098337
46098395
46098404
46098405
46098410
46098453
46098457
46098459
46098460
46098562
46098572
46098577
46098582
46098584
46098622
46098625
46098630
46099191
46099193
46099424
4609953
46099690
46099774
46100047
46100048
46100050
46100052
4610007
4610009
4610015
46100284
4610034
46100349
4610037
46100375
46100378
46100379
46100380
46100396
46100401
46100402
46100404
46100405
46100410
46100412
46100413
46100414
46100415
46100416
46100417
46100418
46100419
46100420
46100421
46100422
46100425
46100471
46100472
46100474
46100475
46100477
46100479
46100480
46100494
46100495
46100496
46100497
46100498
46100499
46100500
46100576
46100579
46100580
46100590
46100592
46100593
46100594
46100604
46100605
46100606
46100609
46100610
46100611
46100613
46100672
46100988
46101239
46101246
46101251
46101252
46101444
46101458
46101460
46101462
46101464
46101465
46101466
46101535
46101539
46101543
46101629
46101693
46101694
46101695
46101697
46101700
46101701
46101702
46101703
46101704
46101705
46101707
46101709
46101712
46101714
46101715
46101720
46101722
46101723
46101724
46101726
46101728
46101729
46101730
46101735
46101736
46101739
46101744
46101747
46101749
46101750
46101751
46101752
46101792
46101793
46101794
46101795
46101970
46101975
46101976
46101977
46101978
46101979
46101980
46102068
46102069
46102071
46102072
46102272
46102274
46102275
46102276
46102277
46102278
46102280
46102298
46102390
46102394
46102403
46102461
46102477
46102532
46102534
46102535
46102536
46102537
46102539
46102541
46102679
46102842
46102971
46103125
46103126
46103127
46103128
46103129
46103130
46103131
46103132
46103133
46103134
46103136
46103232
46103242
46103253
46103265
46103632
46103867
46103871
46103872
46104229
46104404
46104497
46104504
46104506
46104818
46104819
46104820
46104821
46104822
46104823
46104824
46104825
46104826
46104827
46104828
46104829
46104830
46104831
46104832
46104833
46104834
46104835
46104836
46104838
46104839
46104840
46104841
46104842
46104843
46104918
46105053
46105070
46105087
46105260
46105276
46105277
46105278
46105279
46105280
46105281
46105282
46105283
46105285
46105286
46105287
46105288
46105289
46105290
46105291
46105330
46105357
46105427
46105676
46105728
46105805
46105806
46105807
46105831
46105988
46105994
46106026
46106033
46106050
46106051
46106052
46106971
46106973
46107041
46107047
46107050
46107130
46107166
46107187
46107188
46107189
46107190
46107193
46107194
46107195
46107196
46107197
46107200
46107201
46107211
4610736
46107374
46107524
46107651
46107653
46107654
46107655
46107656
46107710
46107711
46107712
46107718
46107726
46107747
46107789
46107793
46107795
46107797
46107973
46108031
46108032
46108034
46108137
46108240
46108715
46108716
46108717
46108719
46108873
46108896
46108949
46108950
46108951
46109001
46109002
46109003
46109162
46109355
46109642
46109668
46109887
46109907
46109941
46110004
46110039
46110129
46110179
46110181
46110182
46110183
46110185
46110187
46110422
46110428
46110429
46110431
46110477
46110707
46110709
46110804
46110806
46110831
46110832
46110833
46110835
46110836
46110864
46110865
46110927
46111081
46111082
46111153
46111155
46111156
46111192
46111336
46111337
46111368
46111552
46111864
46111868
46111874
46112136
46112178
46112212
46112392
46112396
46112573
46113061
46113114
4611423
4613847
4613850
4614132
4615053
4616470
4616475
4616557
4616922
4618096
4619062
4619168
4619501
4619731
4620641
4625454
4625490
4626025
4626031
4626048
4626050
4626052
4626061
4626074
4626076
4626082
4630363
4630368
4631230
4631258
4631260
4631264
4631269
4631277
4631280
4631334
4631341
4631381
4631391
4631393
4631396
4631439
4631545
4631551
4631915
4632853
4634089
4634395
4635323
4636305
4637472
4638242
4640509
4641909
4641955
4641974
4642003
4642007
4642018
4643493
4643508
4650372
4650382
4650386
4650410
4650414
4650417
4650643
4650660
4650681
46519239
46519319
46519550
4652699
4652711
4654310
4654787
4657756
4658862
4661655
4662088
46627402
4663177
4663269
46635578
46635625
46635799
46635831
46635895
46635896
46635897
46635902
46635903
46635915
46635990
46636121
46636132
46636133
46636142
46636230
46636534
46636546
46636639
46637239
46637240
46637432
46637456
46637467
46637473
46637474
46637619
46637620
46637747
46637784
46638004
46638146
46638192
46638283
46638492
46638584
46638585
46638788
46638968
46639386
46639521
46639609
46639646
46639808
46639809
46639810
46639912
46639914
46639951
46639957
46639995
46640209
46640241
46640248
46640255
46640289
46640294
46640295
46640308
46640472
46640478
46640483
46640620
46640717
46640932
46640953
46641143
46641263
46641539
46641543
46641572
46641573
46641576
46641577
46641578
46641579
46641580
46641581
46641726
46641727
46641728
46641739
46641842
46641843
46641844
46641845
46641846
46641847
46641848
46641849
46641850
46641971
46641972
46641973
46641974
46641975
46642140
46642180
46642298
46642410
46642411
46642412
46642413
46642416
46642421
46642423
46642424
46642425
46642427
46642428
46642430
46642431
46642432
46642433
46642434
46642435
46642436
46642437
46642438
46642440
46642441
46642444
46642451
46642452
46642453
46642455
46642457
46642458
46642459
46642460
46642461
46642462
46642466
46642467
46642473
46642474
46642475
46642476
46642477
46642478
46642480
46642481
46642482
46642484
46642495
46642496
46642498
46642499
46642500
46642501
46642502
46642503
46642504
46642505
46642506
46642507
46642508
46642509
46642510
46642513
46642514
46642517
46642520
46642522
46642524
46642748
46642799
46642801
46643132
46643562
46643566
46643580
46643593
46643644
46643670
46643671
46643802
46643810
46644407
46644408
46644622
46644627
46644629
46644934
46645037
46645269
46646153
46646204
46646259
46646284
46646348
46646356
46646382
46646421
46646629
46646637
46646696
46646697
46646940
46646941
46646942
46646943
46646945
46646947
46646948
46646950
46646953
46646954
46646955
46646956
46647154
46647157
46647161
46647290
46647380
4664809
46648449
46648459
46648460
46648496
46648499
46648626
46648630
46648756
46648766
46648768
46648776
46648777
46648778
46649120
46649122
46649123
46649146
46649147
46649178
46649191
46649192
46649197
46649244
46649245
46649246
46649537
46649539
46649540
46649542
46649543
46649545
46649547
46649548
46649549
46649550
46649551
46649552
46649553
46649554
46649555
46649627
46649651
46649655
46649659
46649986
46650043
46650460
46650577
46650582
46650595
46650704
46650758
46650759
46650760
46650762
46650763
46650764
46650765
46650885
46650901
46650902
46650903
46651188
46651403
46651431
46652270
46652343
46652525
46652526
46652528
46652776
46653262
46653266
4665327
46653280
46653281
46653284
46653291
46653297
4665330
46653345
46653348
46653349
46653379
4665347
4665357
4665362
46653644
46653645
46653646
46653647
46653648
46653649
46653650
46653651
46653652
46653653
46653654
46653655
46653657
46653658
46653659
4665366
46653660
46653661
46653662
46653663
46653707
46653712
46653713
46653727
46653729
46653736
46653776
4665394
46653992
46654080
46654161
46654163
46654166
46654653
46655023
46655025
46655027
46655028
46655030
46655031
46655135
46655136
46655222
46655278
46655381
46655383
46655384
46655386
46655489
46655490
46655491
46655492
46655493
46655494
46655495
46655496
46655500
46655624
46655628
46655656
46655704
46655723
46655744
46655745
46655757
46655801
46655806
46655809
46655811
46655827
46655828
46655829
46655830
46655832
46655833
46655835
46655836
46655837
46655842
46655845
46655848
4665587
4665594
4665607
46656095
46656126
46656167
46656168
46656169
46656170
46656171
46656172
46656174
46656175
46656177
46656179
46656182
46656183
46656185
46656186
46656187
46656188
46656192
46656193
46656195
46656198
46656200
46656201
46656225
46656226
46656233
46656237
46656250
46656253
46656386
46656479
46656481
46656503
46656508
46656509
46656512
46656717
46656780
46656781
46656782
46656783
46656895
46656988
46657022
46657023
46657025
46657027
46657028
46657030
46657031
46657032
46657033
46657068
46657069
46657070
46657071
46657072
46657073
46657074
46657075
46657083
46657084
46657085
46657086
46657128
46657191
46657345
46657349
46657354
46657357
46657358
46657359
46657360
46657370
46657371
46657372
46657373
46657374
46657469
46657558
46657859
46657860
46657861
46657862
46657863
46657875
46657876
46657877
46657878
46657879
46657880
46657881
46657882
46657883
46657884
46657885
46657886
46657889
46657921
46658047
46658110
46658293
46658295
46658296
46658297
46658298
46658299
46658300
46658419
46658497
46658498
46658505
46658507
46658516
46658517
46658523
46658531
46658541
46658706
46658707
46658708
46658709
46658710
46658711
46658806
46659082
46659198
46659294
46660116
46660173
46660197
46660684
46660706
46660797
46660798
46660879
46660909
46661030
46661059
46661061
46661062
46661144
46661146
46661327
46661328
46661387
46661392
46661657
46661672
46661676
46661680
46661684
46661685
46661810
46661824
46661826
46661856
46661868
46661884
46661922
46661969
46662161
46662177
46662278
46662281
46662283
46662285
46662296
46662335
46662336
46662337
46662404
46662405
46662408
46662680
46662908
46663544
46663546
46663547
46663555
46663698
46663699
46663701
46663705
46663706
46663713
46663718
46663719
46663720
46663721
46663722
46663723
46663724
46663742
46663758
46663759
46663760
46663761
46663828
46663831
46663929
46663992
46664017
46664102
46664150
46664303
46664405
46664463
46664497
46664499
46664504
46664505
46664898
46664899
46664984
46665310
46665311
46665366
46665503
46665504
46665505
46665506
46665507
46665508
46665509
46665510
46665511
46665512
46665513
46665514
46665516
46665517
46665518
46665520
46665521
46665522
46665523
46665758
46665759
46665760
46665762
46665931
46665938
46665943
46665945
46665990
46666014
46666045
46666050
46666054
46666056
46666058
46666061
46666063
46666064
46666067
46666072
46666073
46666074
46666075
46666078
46666079
46666136
46666162
46666164
46666169
46666183
46666426
46666517
46666531
46666746
46666748
46666754
46666755
46666757
46666758
46666759
46666781
46666788
46666789
46666790
46666791
46666792
46666822
46666833
46666949
46666977
46666978
46666979
46667078
46667085
46667101
46667102
46667107
46667109
46667111
46667114
46667118
46667120
46667123
46667125
46667126
46667128
46667131
46667135
46667136
46667140
46667157
46667161
46667164
46667165
46667171
46667213
46667214
46667226
46667231
46667233
46667274
46667331
46667409
46667436
46667438
46667441
46667442
46667545
46667588
46667700
46667701
46667811
46667843
46667862
46667934
46667963
46668039
46668080
46668083
46668084
46668085
46668086
46668089
46668093
46668097
46668191
46668193
46668268
46668292
46668435
46668462
46668479
46668480
46668482
46668488
46668489
46668490
46668491
46668496
46668497
46668498
46668499
46668500
46668501
46668502
46668503
46668504
46668505
46668506
46668550
46668553
46668612
46668615
46668618
46668641
46668643
46668649
46668650
46668987
46668988
46669006
46669140
46669169
46669201
46669202
46669203
46669204
46669292
46669302
46669303
46669310
46669414
46669415
46669444
46669496
46670037
46670039
46670040
46670041
46670042
46670044
46670045
46670047
46670116
46670129
46670210
46670325
46670701
46670835
46670836
46670837
46670838
46670839
46670843
46670847
46670859
46670860
46670861
46670862
46670863
46670886
46670889
46670890
46670894
46670897
46670898
46670921
46671431
46671432
46671433
46671434
46671435
46671458
46671676
46671684
46671751
46671756
46671758
46671884
46672094
46672095
46672096
46672165
46672166
46672168
46672169
46672170
46672171
46672172
46672180
46672183
46672184
46672187
46672513
46672514
46672515
46672599
46672602
46672676
46672678
46672681
46672682
46672683
46672684
46672794
46672795
46672797
46673064
46673410
46673613
46673615
46673616
46673617
46673622
46673626
46673627
46673628
46673629
46673631
46673633
46673634
46673636
46673638
46673640
46673641
46673642
46673645
46673646
46673647
46673650
46673673
46673684
46673688
46673793
46673810
46673838
46673839
46673843
46673848
46673849
46673851
46673852
46673853
46673855
46673856
46673857
46673858
46673860
46673862
46673863
46673864
46673865
46673866
46673867
46673868
46673869
46673870
46673873
46673874
46674138
46674146
46674147
46674186
46674343
46674344
46674345
46674346
46674347
46674348
46674349
46674350
46674351
46674438
46674439
46674441
46674445
46674453
46674478
46674517
46674577
46674578
46674579
46674705
46674794
46674808
46675237
46675340
4667543
46675563
46675564
46675577
46675586
4667584
46675861
46676041
46676042
46676054
46676055
46676068
46676326
46676841
46676895
46676937
46676983
46677034
46677043
46677145
46677161
46677822
46677823
46677857
46677860
46677872
46677980
46677981
46677984
46677985
46677988
46678173
46678215
46678269
46678273
46678277
46678278
46678279
46678280
46678281
46678282
46678285
46678287
46678288
46678298
46678575
46678588
46678590
46678615
46678686
46678691
46678692
46678693
46678694
46678695
46678696
46678697
46678698
46678699
46678700
46678701
46678702
46678703
46678704
46678705
46678706
46678757
46678758
46678760
46678761
46678762
46678765
46678766
46678787
46678973
46679262
46679415
46679840
46679907
46679908
46679909
46679910
46680025
46680042
46680055
46680059
46680073
46680074
46680075
46680076
46680307
46680422
46680423
46680431
46680435
46680436
46680468
46680471
46680473
46680478
46680483
46680485
46680527
46680581
46680582
46680671
46680672
46680673
46680674
46680675
46680676
46680690
46680714
46680751
46680840
46680843
46680844
46680846
46680850
46681062
46681138
46681298
46681301
46681302
46681303
46681305
46681306
46681307
46681313
46681315
46681394
46681408
46681420
46681514
46681515
46681724
46681752
46681780
46681827
46681828
46681830
46681831
46681832
46681833
46681834
46681836
46681837
46681838
46681916
46681918
46681949
46681950
46681951
46681955
46681956
46681957
46681958
46682138
46682146
46682147
46682148
46682149
46682299
46682433
46682434
46682472
4668248
46682514
46682627
46682628
46682630
46682631
46682632
46682722
46682759
46683111
46683112
46683168
46683169
46683177
46683183
46683319
46683320
46683321
46683322
46683323
46683325
46683371
46683383
46683588
46683589
46683591
46683592
46683593
46683595
46683596
46683598
46683623
46683625
46683628
46683629
46683630
46683631
46683632
46683635
46683684
46683685
46683687
46683688
46683689
46683690
46683691
46683692
46683834
46683836
46683837
46683894
46683895
46683896
46683950
46683951
46683956
46683964
46683966
46684091
46684093
46684095
46684195
46684274
46684276
46684278
46684279
46684283
46684287
46684288
46684290
46684291
46684292
46684293
46684294
46684296
46684297
46684298
46684299
46684318
46684355
46684408
46684409
46684411
46684412
46684414
46684415
46684416
46684697
4668751
4668781
46689127
46691895
46691897
46691900
46691901
46691939
46691940
46691942
46691943
46691944
46691945
46691946
46691947
46691953
46691993
46691994
46691995
46691996
46691998
46691999
46692000
46692001
46692002
46692003
46692004
46692005
46692006
46692007
46692008
46692009
46692129
46692130
46692138
46692139
46692140
46692141
46692142
46692143
46692144
46692145
46692146
46692152
46692161
46692170
46692218
46692219
46692220
46692320
46692332
46692336
46692377
46692378
46692379
46692380
46692381
46692382
46692385
46692387
46692388
46692389
46692392
46692393
46692394
46692395
46692396
46692397
46692399
46692400
46692401
46692402
46692403
46692404
46692405
46692406
46692407
46692408
46692409
46692416
46692417
46692418
46692419
46692420
46692421
46692425
46692426
46692427
46692700
46692701
46692702
46692703
46692705
46692706
46692707
46692708
46692709
46692710
46692711
46692712
46692713
46692714
46692746
46692747
46692748
46692772
46692843
46692858
46692859
46692885
46692886
46692887
46692915
46692949
46692950
46692960
46692961
46692962
46693134
46693135
46693136
46693145
46693152
46693156
46693158
46693160
46693161
46693164
46693165
46693409
46693410
46693414
46693415
46693679
46693682
46693695
46693710
46693711
46693737
46693738
46693740
46693741
46693743
46693744
46693745
46693747
46693748
46693749
46693781
46693792
46693793
46693794
46693806
46693807
46693922
46693965
46693966
46694002
46694061
46694062
46694063
46694065
46694066
46694067
46694068
46694069
46694195
46694196
46694197
46694198
46694199
46694200
46694201
46694203
46694205
46694206
46694207
46694208
46694209
46694211
46694213
46694214
46694215
46694217
46694218
46694221
46694222
46694223
46694224
46694225
46694226
46694232
46694235
46694288
46694322
46694391
46694410
46694411
46694412
46694413
46694416
46694481
46694482
46694484
46694514
46694515
46694633
46694639
46694673
46694675
46694676
46694677
46694678
46694679
46694681
46694683
46694684
46694685
46694763
46694884
46694886
46695108
46695136
46695145
46695146
46695265
46695266
46695268
46695285
46695287
46695288
46695293
46695301
46695315
46695323
46695324
46695365
46695554
46695557
46695569
46695597
46695598
46695599
46695603
46695604
46695605
46695606
46695607
46695608
46695757
46695760
46695761
46695791
46695808
46695809
46695811
46695812
46695814
46695815
46695816
46695818
46695819
46695838
46698482
46700277
46700444
46700445
46701244
46701246
46701247
46701252
46701253
46701254
46701256
46701257
46701262
46701298
46701299
46701300
46701301
46701302
46701303
46701304
46701305
46701306
46701307
46701309
46701310
46701311
46701312
46701313
46701314
46701315
46701317
46701318
46701319
46701320
46701321
46701322
46701324
46701325
46701326
46701329
46701330
4670187
46707886
46707889
46707922
46708016
46708035
46708082
46708133
46708134
46708157
46708352
46708416
46708437
46708438
46708439
46708442
46708443
46708444
46708445
46708446
46708447
46708448
46708449
46708450
46708452
46708456
46708478
46708486
46708487
46708488
46708539
46708540
46708542
46708543
46708544
46708545
46708548
46708549
46708550
46708553
46708554
46708556
46708557
46708558
46708559
46708560
46708561
46708563
46708607
46708647
46708661
46708665
46708902
46708903
46708908
46708909
46708960
46708985
46708986
46708987
46708988
46709046
46709048
46709049
46709050
46709052
46709222
46709223
46709224
46709226
46709227
46709228
46709229
46709230
46709231
46709235
46709413
46709554
46709555
46709558
46709560
46709561
46709563
46709564
46709566
46709567
46709568
46709570
46709571
46709574
46709575
46709576
46709603
46709612
46709613
46709614
46709615
46709616
46709617
46709619
46709620
46709622
46709623
46709669
46709670
46709705
46709709
46709710
46709711
46709745
46709746
46709747
46709844
46709846
46709847
46709922
46709999
46710000
46710002
46710003
46710006
46710007
46710008
46710010
46710149
46710158
46710277
46710279
46710301
46710302
46710329
46710330
46710332
46710333
46710334
46710335
46710336
46710338
46710340
46710341
46710342
46710343
46710344
46710345
46710346
46710347
46710348
46710349
46710350
46710351
46710353
46710354
46710355
46710356
46710357
46710358
46710359
46710360
46710361
46710362
46710363
46710535
46710536
46710537
46710540
46710573
46710581
46710756
46710968
46710969
46710970
46710972
46710974
46710982
46711046
46711047
46711049
46711050
46711052
46711076
46711077
46711078
46711079
46711080
46711081
46711082
46711083
46711085
46711086
46711088
46711089
46711090
46711091
46711092
46711093
46711094
46711095
46711096
46711097
46711098
46711099
46711152
46711181
46711182
46711183
46711302
46711305
46711308
46711322
46711323
46711325
46711326
46711327
46711376
46711377
46711378
46711379
46711380
46711381
46711383
46711386
46711388
46711393
46711394
46711404
46711406
46711454
46711455
46711456
46711457
46711458
46711459
46711461
46711466
46711467
46711508
46711510
46711511
46711512
46711513
46711514
46711526
46711527
46711528
46711529
46711530
46711531
46711554
46711555
46711590
46711759
46711766
46711767
46711771
46712042
46712107
46712112
46712113
46712114
46712115
46712162
46712163
46712164
46712165
46712166
46712167
46712174
46712176
46712179
46712181
46712200
46712225
46712226
46712227
46712518
46712521
46712525
46712526
46712527
46712528
46712529
46712531
46712575
46712582
46712685
46712750
46712771
46712772
46712774
46712775
46712777
46712778
46712779
46712780
46712781
46712806
46712807
46712808
46712899
46712914
46713065
46713072
46713073
46713074
46713075
46713076
46713078
46713079
46713080
46713089
46713090
46713091
46713092
46713097
46713098
46713099
46713100
46713101
46713102
46713103
46713105
46713108
46713110
46713111
46713112
46713113
46713114
46713115
46713116
46713117
46713118
46713119
46713120
46713121
46713122
46713123
46713124
46713125
46713127
46713128
46713129
46713130
46713132
46713134
46713136
46713137
46713140
46713141
46713142
46713143
46713147
46713148
46713149
46713150
46713151
46713152
46713153
46713154
46713295
46713297
46713299
46713305
46713306
46713307
46713309
46713312
46713313
46713314
46713315
46713580
46713603
46713604
46713605
46713606
46713608
46713609
46713610
46713612
46713613
46713614
46713615
46713618
46713624
46713625
46713626
46713627
46713654
46713655
46713656
46713797
46713799
46713825
46713853
46713871
46713873
46713874
46713964
46714029
46714031
46714074
46714083
46714085
46714086
46714087
46714088
46714207
46714237
46714244
46714245
46714247
46714249
46714250
46714260
46714299
46714300
46714301
46714302
46714303
46714304
46714502
46714503
46714504
46714505
46714506
46714507
46714508
46714509
46714612
46714613
46714615
46714616
46714629
46714952
46714955
46714996
46715012
46715013
46715196
46715205
46715207
46715266
46715267
46715269
46715311
46715432
46715434
46715436
46715565
46715566
46715567
46715582
46715608
46715610
46715613
46715614
46715616
46715617
46715657
46715658
46715661
46715662
46715663
46715664
46715735
46715736
46715737
46715738
46715739
46715740
46715743
46715744
46715745
46715746
46715747
46715751
46715766
46715785
46715790
46715793
46715796
46715948
46715949
46716054
46716062
46716063
46716065
46716066
46716070
46716075
46716076
46716077
46716078
46716079
46716080
46716081
46716131
46716132
46716133
46716160
46716166
46716167
46716168
46716169
46716206
46716207
46716208
46716209
46716524
46716529
46716533
46716534
46716535
46716536
46716538
46716541
46716542
46716543
46716545
46716546
46716547
46716548
46716550
46716552
46716554
46716555
46716556
46716558
46716562
46716573
46716574
46716627
46716628
46716629
46716630
46716631
46716633
46716635
46716637
46716638
46716639
46716642
46716643
46716644
46716646
46716647
46716648
46716649
46716650
46716651
46716653
46716656
46716657
46716658
46716659
46716660
46716661
46716662
46716663
46716664
46716665
46716666
46716668
46716669
46716670
46716671
46716673
46716675
46716676
46716679
46716680
46716681
46716683
46716684
46716685
46716696
46716704
46716713
46716714
46716715
46716716
46716717
46716718
46716814
46716815
46716838
46716839
46716865
46716866
46716867
46716868
46716869
46716870
46716874
46716875
46716876
46716878
46716879
46716885
46716911
46716912
46716913
46716915
46716916
46716918
46716919
46716920
46716921
46716922
46716925
46716927
46716928
46716929
46716930
46716931
46716932
46716934
46716935
46716936
46716937
46716938
46716939
46716940
46716982
46716983
46716989
46716998
46716999
46717000
46717037
46717038
46717039
46717076
46717077
46717078
46717217
46717218
46717225
46717284
46717291
46717292
46717293
46717294
46717295
46717376
46717377
46717380
46717381
46717382
46717383
46717390
46717398
46717401
46717402
46717404
46717405
46717406
46717407
46717411
46717455
46717457
46717458
46717459
46717461
46717464
46717465
46717466
46717467
46717468
46717469
46717471
46717472
46717473
46717474
46717475
46717476
46717478
46717479
46717480
46717481
46717482
46717483
46717484
46717485
46717486
46717487
46717488
46717489
46717491
46717492
46717504
46717505
46717506
46717507
46717508
46717539
46717546
46717547
46717548
46717549
46717550
46717551
46717552
46717571
46717572
46717577
46717585
46717587
46717588
46717656
46717657
46717658
46717666
46717687
46717702
46717705
46717706
46717707
46717708
46717709
46717710
46717711
46717712
46717713
46717714
46717715
46717716
46717719
46717720
46717721
46717722
46717723
46717724
46717725
46717726
46717727
46717728
46717729
46717731
46717732
46717733
46717734
46717735
46717736
46717737
46717738
46717739
46717740
46717741
46717742
46717743
46717744
46717745
46717746
46717747
46717748
46717749
46717750
46717751
46717752
46717753
46717754
46717757
46717773
46717774
46717775
46717776
46717777
46717798
46717828
46717829
46717830
46717929
46717954
46717955
46717957
46717959
46717962
46718007
46718052
46718053
46718054
46718068
46718069
46718098
46718100
46718164
46718165
46718166
46718167
46718264
46718265
46718525
46718526
46718528
46718530
46718531
46718532
46718533
46718534
46718535
46719054
46719056
46719059
46719060
46719062
46719063
46719064
46719065
46719080
46719081
46719082
46719083
46719084
46719085
46719087
46719088
46719089
46719094
46719095
46719096
46719097
46719098
46719099
46719105
46719106
46719107
46719108
46719109
46719110
46719111
46719112
46719113
46719114
46719119
46719120
46719121
46719122
46719123
46719128
46719129
46719130
46719131
46719132
46719133
46719134
46719135
46719136
46719137
46719140
46719141
46719210
46719215
46719219
46719239
46719241
46719242
46719243
46719256
46719257
46719258
46719259
46719285
46719498
46719503
46719527
46719530
46719555
46719558
46719560
46719856
46719857
46719862
46719863
46719864
46719868
46719869
46719870
46719871
46719878
46719879
46719881
46719882
46719884
46720032
46720033
46720034
46720035
46720037
46720038
46720041
46720042
46720043
46720045
46720049
46720050
46720051
46720053
46720054
46720064
46720065
46720074
46720113
46720115
46720118
46720119
46720120
46720122
46720123
46720125
46720128
46720325
46720326
46720384
46720409
46720544
46720569
46720579
46720580
46720582
46720583
46720591
46720762
46720881
46720882
46720883
46720898
46720899
46720905
46720917
46720918
46720919
46720922
46720924
46720931
46720937
46720939
46720941
46720952
46721017
46721022
46721026
46721027
46721028
46721029
46721126
46721127
46721128
46721168
46721240
46721242
46721243
46721244
46721262
46721263
46721264
46721265
46721281
46721282
46721283
46721296
46721297
46721373
46721509
46721512
46721514
46721515
46721516
46721517
46721518
46721521
46721525
46721528
46721529
46721532
46721533
46721536
46721537
46721538
46721539
46721540
46721542
46721545
46721550
46721552
46721554
46721555
46721556
46721558
46721559
46721560
46721561
46721562
46721563
46721564
46721567
46721569
46721570
46721571
46721572
46721573
46721574
46721575
46721576
46721577
46721578
46721579
46721580
46721581
46721582
46721583
46721584
46721591
46721592
46721593
46721594
46721596
46721597
46721598
46721599
46721600
46721653
46721789
46721790
46721792
46721793
46721863
46721906
46721944
46722021
46722022
46722023
46722069
46722070
46722071
46722072
46722073
46722075
46722076
46722077
46722078
46722079
46722080
46722102
46722103
46722105
46722129
46722137
46722138
46722139
46722151
46722245
46722246
46722247
46722248
46722350
46722372
46722497
46722498
46722499
46722500
46722501
46722502
46722509
46722523
46722524
46722545
46722551
46722552
46722553
46722554
46722555
46722557
46722558
46722559
46722560
46722561
46722562
46722563
46722564
46722565
46722566
46722567
46722568
46722569
46722570
46722571
46722572
46722573
46722574
46722577
46722613
46722615
46722616
46722617
46722620
46722729
46722730
46722731
46722733
46722734
46722735
46722765
46722766
46722791
46722793
46722892
46722895
46722896
46722934
46722935
46722945
46723035
46723036
46723037
46723068
46723069
46723071
46723073
46723074
46723075
46723076
46723077
46723078
46723079
46723080
46723081
46723082
46723083
46723084
46723085
46723086
46723087
46723088
46723089
46723090
46723091
46723092
46723093
46723094
46723095
46723096
46723383
46723388
46723389
46723390
46723391
46723392
46723393
46723394
46723395
46723396
46723406
46723420
46723467
46723469
46723633
46723645
46723646
46723651
46723659
46723660
46723661
46723662
46723663
46723664
46723665
46723666
46723667
46723668
46723669
46723670
46723671
46723673
46723674
46723675
4672378
46723896
46723897
46724124
46724125
46724126
46724127
46724128
46724129
46724130
46724131
46724163
46724166
46724167
46724169
46724171
46724172
46724173
46724174
46724253
46724254
46724255
46724268
46724269
46724270
46724280
46724367
46724444
46724445
46724447
46724448
46724449
46724450
46724452
46724453
46724456
46724460
46724464
46724465
46724466
46724467
46724468
46724469
46724470
46724471
46724472
46724473
46724474
46724475
46724476
46724477
46724478
46724479
46724497
46724498
46724508
46724509
46724510
46724511
46724515
46724587
46724603
46724604
46724660
46724661
46724664
46724665
46724666
46724667
46724668
46724669
46724670
46724671
46724672
46724673
46724675
46724676
46724677
46724678
46724679
46724681
46724682
46724683
46724685
46724693
46724694
46724697
46724698
46724730
46724731
46724732
46724733
46724734
46724735
46724736
46724737
46724738
46724746
46724747
46724748
46724749
46724750
46724789
46724930
46724931
46725340
46725358
46725359
46725360
46725364
46725461
46725462
46725463
46725464
46725465
46725466
46725617
46725619
46725620
46725621
46725622
46725626
46725628
46725659
46725666
46725667
46725668
46725669
46725747
46725839
46725843
46725858
46725860
46725861
46726124
46726125
46726165
46726260
46726261
46726263
46726275
46726276
46726277
46726278
46726279
46726280
46726281
46726282
46726283
46726284
46726285
46726286
46726287
46726292
46726293
46726294
46726295
46726320
46726402
46726410
46726411
46726460
46726479
46726498
46726514
46726515
46726520
46726521
46726532
46726533
46726534
46726540
46726546
46726577
46726578
46726579
46726580
46726581
46726610
46726624
46726625
46726667
46726668
46726672
46726673
46726674
46726675
46726676
46726677
46726678
46726679
46726680
46726681
46726683
46726697
46726700
46726701
46726702
46726703
46726704
46726721
46726773
46726796
46726797
46726799
46726800
46726802
46726878
46726879
46726880
46726882
46726896
46727160
46727163
46727164
46727167
46727168
46727169
46727193
46727246
46727247
46727248
46727249
46727250
46727251
46727252
46727254
46727255
46727256
46727257
46727258
46727259
46727260
46727261
46727262
46727263
46727292
46727421
46727422
46727423
46727424
46727425
46727426
46727427
46727428
46727429
46727430
46727431
46727432
46727433
46727434
46727435
46727436
46727437
46727446
46727507
46727532
46727534
46727536
4672764
46727733
46727734
46727735
46727736
46727737
46727738
4672776
46727775
46727802
46727808
46727830
46727847
46727907
46727908
46727909
46727930
46727931
46727949
46727950
46728071
46728164
46728293
46728294
46728295
46728316
46728319
46728322
46728323
46728349
46728350
46728351
46728352
46728353
46728354
46728355
46728356
46728357
46728358
46728360
46728361
46728362
46728370
46728371
46728377
46728378
46728379
46728380
46728381
46728382
46728383
46728384
46728385
46728386
46728387
46728388
46728426
46728436
46728438
46728439
46728445
46728453
46728454
46728455
46728456
46728457
46728458
46728459
46728460
46728461
46728462
46728463
46728465
46728466
46728468
46728469
46728860
46728862
46728863
46728864
46728865
46728866
46728867
46728868
46728948
46728950
46728951
46728952
46728957
46728959
46728960
46728961
46728963
46728965
46728966
46728968
46728978
46728996
46729000
46729001
46729002
46729006
46729007
46729008
46729034
46729035
46729036
46729041
46729048
46729049
46729050
46729051
46729052
46729086
46729106
46729114
46729115
46729116
46729119
46729120
46729121
46729122
46729124
46729126
46729162
46729163
46729164
46729180
46729200
46729213
46729214
46729217
46729218
46729219
46729220
46729221
46729222
46729223
46729224
46729332
46729333
46729334
46729335
46729336
46729337
46729338
46729341
46729342
46729343
46729344
46729345
46729346
46729347
46729348
46729349
46729350
46729351
46729352
46729355
46729356
46729357
46729358
46729360
46729361
46729362
46729364
46729365
46729483
46729484
46729485
46729486
46729487
46729503
46729504
46729524
46729525
46729526
46729527
46729528
46729529
46729530
46729531
46729532
46729533
46729615
46729626
46729650
46729661
46729662
46729663
46729664
46729665
46729666
46729695
46729697
46729698
46729763
46729764
46729765
46729766
46729767
46729790
46729792
46729793
46729795
46729796
46729804
46729856
46730016
46730017
46730018
46730031
46730257
46730280
46730282
46730284
46730285
46730361
46730364
46730365
46730366
46730367
46730368
46730369
46730370
46730371
46730374
46730375
46730376
46730378
46730379
46730390
46730391
46730393
46730434
46730447
46730455
46730462
46730467
46730468
46730469
46730542
46730551
46730552
46730553
46730677
46730827
46730828
46730829
46730830
46730831
46730832
46730833
46730834
46730835
46730844
46730845
46730846
46730847
46730848
46730867
46730868
46730904
46730905
46730906
46730907
46730908
46730912
46730916
46730918
46730919
46730920
46730975
46735488
46735489
46735608
46735610
46735635
46735715
46735720
46735873
46735874
46735876
46735878
46735880
46735881
46735923
46735924
46735925
46735929
46736225
46736226
46736227
46736280
46736281
46736358
46736371
46736386
46736387
46736409
46736425
46736519
46736524
46736525
46736526
46736527
46736528
46736529
46736530
46736531
46736692
46736717
46736720
46736775
46736776
46736777
46736778
46736779
46736780
46737183
46737204
46737205
46737207
46737209
46737213
46737270
46737272
46737273
46737275
46737276
46737277
46737278
46737279
46737280
46737281
46737298
46737299
46737300
46737301
46737304
46737305
46737306
46737307
46737351
46737357
46737374
46737443
46737465
46737466
46737506
46737566
46737595
46737596
46737843
46737866
46737887
46737911
46737913
46737914
46737915
46737916
46737917
46737918
46737923
46737993
46738371
46738431
46738432
46738438
46738439
46738440
46738441
46738569
46738570
46738571
46738572
46738743
46738745
46738746
46738747
46738748
46738939
46738949
46738973
46738974
46738975
46738976
46738977
46738978
46738979
46738981
46738982
46738983
46738984
46738985
46738986
46738987
46739011
46739047
46739048
46739049
46739202
46739204
46739230
46739231
46739232
46739250
46739371
46739372
46739373
46739374
46739375
46739487
46739691
46739695
46739696
46739699
46739700
46739728
46739730
46739731
46739732
46739734
46739735
46739736
46739737
46739747
46739770
46739771
46739794
46739795
46739796
46739828
46739871
46739948
46739997
46740090
46740092
46740093
46740221
46740222
46740223
46740228
46740316
46740317
46740318
46740387
46740388
46740391
46740393
46740394
46740395
46740396
46740397
46740398
46740399
46740416
46740417
46740418
46740419
46740420
46740421
46740422
46740423
46740424
46740425
46740426
46740427
46740428
46740429
46740435
46740436
46740438
46740439
46740440
46740441
46740442
46740443
46740444
46740445
46740447
46740449
46740450
46740451
46740452
46740453
46740455
46740456
46740457
46740458
46740459
46740460
46740461
46740462
46740485
46740806
46740855
46740856
46740860
46740862
46740863
46740866
46740867
46740869
46740870
46740871
46740873
46740874
46740875
46740877
46740879
46740880
46740881
46740882
46740883
46740884
46740885
46740886
46740943
46746241
46746551
46746554
46746655
46746779
46746849
46746850
46746851
46747104
46747105
46747114
46747116
46747117
46747118
46747121
46747123
46747127
46747137
46747138
46747140
46747141
46747142
46747143
46747144
46747145
46747146
46747147
46747149
46747150
46747151
46747152
46747154
46747155
46747157
46747158
46747159
46747162
46747163
46747164
46747189
46747192
46747249
46747523
46747527
46747533
46747570
46747583
46747609
46747610
46747611
46747686
46747720
46747721
46747775
46747984
46747985
46747986
46747987
46747988
46748058
46748074
46748075
46748076
46748185
46748186
46748187
46748200
46748201
46748255
46748256
46748257
46748258
46748259
46748278
46748279
46748280
46748281
46748283
46748284
46748285
46748286
46748287
46748288
46748289
46748290
46748291
46748293
46748294
46748295
46748304
46748305
46748324
46748325
46748326
46748328
46748329
46748330
46748332
46748335
46748338
46748339
46748341
46748342
46748345
46748347
46748348
46748375
46748386
46748387
46748390
46748391
46748400
46748657
46748915
46748916
46748917
46748918
46748919
46748920
46748921
46748922
46748923
46748924
46748925
46748926
46748927
46748928
46748929
46748930
46748931
46748932
46748933
46748999
46749000
46749001
46749002
46749003
46749018
46749019
46749020
46749072
46749084
46749085
46749177
46749178
46749179
46749180
46749181
46749182
46749183
46749184
46749185
46749187
46749188
46749190
46749191
46749192
46749193
46749194
46749195
46749196
46749197
46749199
46749200
46749201
46749202
46749203
46749204
46749205
46749236
46749237
46749430
46749447
46749448
46749449
46749450
46749451
46749463
46749675
46749810
46749828
46749829
46749830
46749831
46749832
46749833
46749834
46749838
46749839
46749843
46749865
46749866
46749867
46749873
46749874
46749875
46749876
46749877
46749878
46749879
46749880
46749881
46749882
46749883
46749884
46749885
46749886
46749887
46749899
46749901
46749902
46749903
46749904
46749906
46749913
46750317
46750378
46750379
46750727
46750844
46750845
46750872
46750915
46750916
46750964
46751017
46751354
46751355
46751356
46751357
46751358
46751563
46751564
46751565
46751566
46751619
46751620
46751621
46751622
46751623
46751624
46751625
46751626
46751627
46751628
46751629
46751630
46751631
46751632
46751633
46751634
46751635
46751636
46751637
46751638
46751639
46751640
46751641
46751642
46751643
46751644
46751645
46751646
46751655
46751656
46751663
46751675
46751679
46751690
46751691
46751762
46751763
46751828
46751844
46751845
46751846
46751847
46752035
46752342
46752393
46752397
46752764
46752765
46752766
46752767
46752768
46752770
46752771
46752772
46752773
46752774
46752776
46752777
46752778
46752779
46752782
46752812
46752813
46752814
46752815
46752851
46752941
4679748
4702234
4703756
4703767
4703772
4703773
4703779
4703792
4703801
4705035
4705061
4705064
4705325
4705999
4706004
4707671
4707741
4707821
4707851
4707857
4708214
4708229
4708242
4708246
4708249
4708251
4708257
4708278
4708463
4709224
4709573
4709706
4709708
4709715
4710032
4710034
4711282
4711284
4714432
4714433
4715233
4715900
4715912
4718246
4718680
4718724
4719730
4719750
4721224
4721417
4721420
4721527
4721537
4721556
4721559
4721562
4721563
4721572
4721573
4721576
4721578
4721579
4721581
4721592
4721598
4721624
4721630
4721636
4721695
4721759
4721772
4721779
4721791
4721840
4721844
4724786
4724787
4726950
4804949
4805523
4806045
4806895
4807303
4807383
4807574
4807775
4807904
4807907
4807919
4807945
4807953
4807955
4807956
4808152
4808318
4808713
4808722
4809116
4810184
4810187
4810358
4810465
4812424
4812432
4812443
4812460
4812480
4812485
4812506
4812509
4812519
4812520
4812677
4813025
4813085
4813087
4813310
4813692
4813750
4813751
4813804
4813806
4813807
4813828
4813837
4814553
4814556
4815272
4815278
4815279
4815358
4816496
4816826
4816857
4816863
4816871
4816878
4816881
4816882
4816885
4816889
4816890
4816891
4816899
4816902
4816909
4816910
4816921
4817128
4817130
4817161
4817165
4817188
4817223
4817254
4817258
4817259
4817260
4817264
4817300
4817302
4818505
4818606
4818617
4819286
4819288
4819444
4819849
4819859
4820588
4820592
4820600
4820708
4820714
4820718
4820719
4820720
4820722
4821171
4821198
4821918
4822138
4822721
4822725
4823534
4823558
4823991
4823992
4823993
4824000
4824006
4824068
4824069
4824078
4824079
4824081
4824083
4824085
4824090
4824096
4824097
4824105
4824624
4824896
4824901
4825110
4825838
4825901
4825902
4825908
4827120
4827212
4827215
4827321
4827669
4827810
4827814
4828328
4828330
4828670
4828706
4828713
4828724
4828732
4828736
4828738
4829112
4829117
4829131
4829134
4830017
4830065
4830068
4830070
4830540
4830543
4830644
4830973
4832383
4832384
4832643
4832766
4832865
4833661
4833665
4833674
4833680
4833681
4833715
4833716
4833720
4833730
4833737
4833743
4833749
4833771
4833777
4833784
4833788
4833789
4835756
4835810
4835836
4835837
4836206
4837388
4837861
4837862
4837869
4837872
4837882
4837886
4837893
4837894
4837896
4837900
4837909
4839316
4839318
4839322
4839748
4839760
4839761
4840282
4840288
4840289
4840292
4840293
4840297
4840298
4840300
4840312
4840537
4840541
4840587
4840620
4840724
4840832
4841035
4841042
4841044
4841046
4841048
4841049
4841053
4841293
4841380
4841833
4841842
4841847
4841869
4841871
4841872
4842019
4842022
4842095
4842928
4843124
4843126
4843139
4843140
4843165
4843169
4843249
4843283
4843285
4843293
4843296
4843324
4843329
4843411
4843430
4843816
4843822
4843825
4843829
4843955
4844718
4845200
4846704
4847470
4848033
4848035
4848068
4848131
4848133
4848135
4850732
4850833
4851085
4851089
4851153
4851374
4851378
4851379
4851381
4851383
4851385
4851386
4851389
4851397
4851408
4851558
4852516
4852534
4853867
4853869
4853883
4853902
4853937
4853938
4854235
4854236
4854332
4854797
4854806
4854939
4854952
4854962
4855066
4855068
4855073
4855130
4855131
4855298
4855302
4855311
4855330
4855334
4855343
4855351
4855391
4855452
4855459
4855463
4855471
4855483
4855484
4855485
4855494
4855495
4855505
4855524
4855531
4855534
4855535
4855552
4855558
4855561
4855945
4856042
4856045
4856048
4856230
4856262
4856264
4856552
4856922
4856924
4856925
4856931
4857009
4857014
4857058
4857059
4857061
4857119
4857284
4857594
4857649
4857656
4858040
4858047
4858048
4858049
4858053
4858054
4858059
4858187
4858258
4858274
4858276
4858289
4858298
4858521
4858525
4858727
4858806
4858828
4858844
4858910
4859097
4859099
4859106
4859200
4859325
4859487
4859515
4859544
4859560
4859561
4859565
4859566
4859574
4859626
4859630
4859725
4859732
4859734
4859739
4859741
4859916
4859968
4859993
4860401
4860410
4860904
4861037
4861041
4861132
4861271
4861375
4861475
4861510
4862007
4862008
4862382
4862385
4862391
4862421
4862655
4862695
4862712
4862713
4862714
4862736
4862745
4862840
4862842
4862864
4863172
4863332
4863345
4863493
4863636
4864024
4864027
4864029
4900155
4900515
4900521
4900594
4900935
4900936
4900942
4901006
4901021
4901029
4901037
4901041
4901045
4901046
4901048
4901049
4901052
4901057
4901396
4901397
4901401
4901402
4901490
4901494
4901495
4901520
4901529
4901677
4901687
4901729
4901866
4902164
4902252
4902262
4902263
4902701
4902711
4903352
4903362
4903368
4903380
4903386
4903387
4903390
4903509
4903512
4903540
4903541
4903582
4903586
4904084
4904512
4904515
4904696
4904699
4905120
4905172
4905196
4905197
4905198
4905199
4905794
4905813
4906206
4907203
4907344
4907458
4908178
4908301
4909731
4910255
4910271
4910481
4910612
4910937
4910938
4910939
4911194
4911322
4911509
4911512
4911542
4911847
4912131
4912274
4912275
4912336
4912482
4912820
4912854
4912859
4913295
4913854
4913855
4913856
4914072
4914073
4914167
4914502
4914834
4914957
4915241
4915266
4915269
4915280
4915425
4915547
4915586
4917415
4917491
4917495
4917498
4917501
4917503
4918002
4918005
4918596
4918801
4918915
4919123
4919537
4919808
4919810
4919811
4920741
4920979
4920997
4921017
4921109
4922471
4922578
4922579
4922581
4922604
4922626
4922662
4922843
4922883
4922889
4922893
4922953
4922965
4923161
4923170
4923225
4923226
4923530
4924105
4924178
4924180
4924250
4924410
4924423
4924444
4925103
4925177
4925187
4925197
4925259
4925497
4925632
4925796
4926152
4926352
4926354
4926506
4926638
4926639
4926640
4926896
4927034
4927286
4927743
4927747
4928247
4928321
4928657
4928673
4929181
4929220
4929232
4929321
4929326
4929400
4929464
4929514
4929971
4930411
4930415
4930416
4930422
4930494
4930569
4931159
4931161
4931183
4932173
4932238
4932244
4932250
4932255
4932258
4932262
4932265
4932266
4932373
4932552
4932611
4932815
4933055
4933059
4933064
4933209
4933210
4933260
4933264
4933267
4933268
4933311
4933914
4933948
4934992
4934995
4934996
4935031
4935058
4935364
4935384
4935390
4935393
4935638
4935642
4935647
4935825
4935827
4936058
4936177
4936390
4936429
4936581
4936646
4936647
4936893
4936993
4936994
4936997
4937321
4937829
4937830
4938312
4938313
4938315
4938316
4938695
4938734
4938739
4938742
4939054
4939059
4939295
4939304
4939385
4939428
4939637
4939775
4940151
4940152
4940156
4940157
4940258
4940259
4940260
4940446
4940451
4940549
4941164
4941230
4941359
4941389
4941440
4941579
4941627
4941718
4941741
4941934
4941935
4942034
4942036
4942113
4942152
4942155
4942166
4942168
4942171
4942291
4942292
4942299
4942300
4942310
4942311
4942391
4942412
4942413
4942417
4942826
4942844
4942874
4943006
4943012
4943156
4943252
4943439
4943505
4943508
4943550
4943551
4943553
4943554
4943555
4943666
4943868
4943872
4943928
4943931
4943935
4944091
4944321
4944324
4944335
4944338
4944340
4944443
4944570
4944659
4944864
4945097
4945162
4945292
4945298
4946038
4946039
4946128
4946325
4947885
4947890
4948048
4948272
4948618
4948798
4948940
4949119
4949242
4949426
4949443
4949449
4949450
4949470
4949707
4950234
4950346
4950469
4950608
4950610
4951185
4951191
4951192
4951213
4951220
4951235
4951352
4951659
4951662
4951667
4951722
4952052
4952062
4952063
4952463
4952716
5000015
5000020
5000062
5000250
5000252
5000256
5000412
5000583
5000586
5001621
5001737
5001821
5001822
5002044
5002050
5002055
5002061
5002064
5002071
5002072
5002186
5002664
5002733
5003593
5003741
5003742
5005698
5005699
5005704
5005705
5005795
5006162
5006337
5006344
5006455
5006458
5006596
5006747
5006748
5006861
5007174
5007175
5007177
5007857
5007861
5007863
5007864
5008173
5008226
5008387
5008444
5008449
5009083
5009095
5009797
5010722
5010762
5010851
5011115
5011120
5011128
5011130
5011352
5011398
5011522
5011523
5011535
5011539
5011711
5011777
5011789
5012172
5012271
5012276
5012537
5012845
5012847
5012848
5012859
5012958
5013009
5013014
5013020
5013271
5013274
5013277
5013279
5013280
5013303
5013516
5013536
5013537
5014100
5014103
5014104
5014139
5014147
5014148
5014178
5014179
5014183
5014186
5014191
5014193
5014466
5014477
5014483
5014485
5014486
5014487
5014488
5014490
5014644
5014860
5015024
5015026
5015112
5015119
5015308
5015310
5015369
5015490
5015501
5015509
5016188
5016287
5016289
5016499
5016501
5016624
5016635
5016636
5016728
5016736
5016753
5016754
5017517
5017711
5017880
5018220
5018856
5019029
5019048
5019163
5019164
5019235
5019251
5019252
5019256
5019964
5020086
5020088
5020409
5020832
5020901
5020992
5021004
5021034
5021335
5021391
5021394
5021757
5021779
5021992
5022107
5022206
5022819
5022826
5022827
5022828
5022976
5023097
5023098
5023838
5023886
5023891
5024356
5024989
5025267
5025434
5025447
5025717
5026002
5026028
5026065
5026079
5026350
5026429
5026528
5026551
5026556
5026562
5026564
5026567
5026573
5026592
5026606
5026626
5026993
5027011
5027173
5027288
5027290
5027496
5027497
5027767
5027770
5027773
5027953
5028302
5028309
5028370
5028405
5028610
5028632
5028944
5028945
5028947
5028948
5028956
5029289
5030204
5030397
5030563
5030729
5030864
5030868
5030870
5030874
5030922
5030923
5030924
5030925
5030963
5032308
5032507
5032616
5032930
5033109
5033230
5033348
5033406
5033644
5033755
5033756
5033773
5033786
5033789
5033800
5033883
5034096
5034177
5034182
5034183
5034184
5034238
5034243
5034246
5034248
5034251
5034388
5034689
5035145
5035571
5035646
5035847
5035848
5036414
5036573
5036574
5036929
5037915
5038358
5038362
5038371
5038436
5038446
5038887
5039115
5039117
5039118
5039275
5039348
5039650
5039654
5039656
5040161
5040339
5040368
5040372
5040506
5040547
5040548
5040869
5040986
5041002
5041041
5041042
5041044
5041165
5041234
5041239
5041241
5041299
5041333
5041340
5041345
5041352
5041417
5041522
5041645
5041693
5041770
5042044
5042049
5042056
5042057
5042062
5042409
5042416
5042918
5042923
5043051
5043053
5043418
5043567
5043569
5043703
5044131
5044395
5044549
5044553
5044554
5044864
5044958
5045078
5045079
5045082
5045422
5045543
5045753
5045854
5046018
5046046
5046182
5046199
5046323
5046324
5046327
5046332
5046665
5046889
5047290
5047316
5047317
5047413
5047505
5047886
5047935
5048044
5048046
5048174
5048262
5048263
5048546
5048547
5048548
5048892
5048995
5049074
5049158
5049419
5049869
5049907
5050057
5050075
5050205
5050478
5051010
5051081
5051127
5051129
5051132
5051158
5051211
5051234
5051237
5051239
5051240
5051357
5051628
5051644
5051645
5051739
5051890
5052131
5053123
5053128
5053356
5053603
5053824
5053840
5054099
5100420
5100599
5100642
5100896
5100897
5100900
5101013
5101030
5101052
5101053
5101322
5101818
5101819
5101821
5101883
5101973
5101977
5102048
5102268
5102383
5102443
5102575
5103089
5103154
5103862
5103921
5103932
5104190
5104197
5105027
5105283
5105296
5105470
5105472
5105473
5105474
5105481
5105483
5105484
5105485
5105487
5105489
5105491
5105493
5105750
5105942
5105979
5105988
5106133
5106134
5106663
5106821
5107094
5107659
5107838
5107839
5108162
5108494
5108768
5109878
5109883
5110001
5110010
5110058
5110059
5110061
5110063
5111088
5112297
5112302
5112400
5112955
5113414
5113417
5113652
5113729
5114557
5115821
5115823
5116423
5116424
5116726
5117093
5117215
5117654
5117741
5117824
5117874
5117906
5118261
5118470
5118704
5118747
5118993
5119269
5119320
5119337
5119380
5119382
5119402
5119659
5120544
5120557
5120721
5120722
5121118
5121131
5121135
5121209
5121285
5121652
5121713
5121778
5121989
5122411
5122412
5122683
5122684
5122685
5123147
5123640
5123681
5123951
5124019
5124020
5124185
5124413
5124414
5124418
5125103
5126077
5126082
5126703
5126774
5127309
5127313
5127327
5127613
5127903
5127904
5128028
5128330
5128331
5128812
5129728
5129782
5129830
5129842
5130121
5130160
5130238
5130345
5130686
5130689
5130690
5130871
5131311
5131312
5131313
5131315
5131317
5131318
5131319
5131321
5131388
5131390
5131462
5131881
5131959
5132237
5132503
5132665
5132681
5132696
5132699
5132740
5132953
5132957
5132961
5133037
5133040
5133124
5133414
5134124
5134127
5134130
5134227
5134684
5134685
5134845
5134846
5135145
5135256
5135360
5135381
5135382
5135870
5136086
5136304
5137165
5137168
5137238
5137399
5137400
5137404
5137493
5137497
5137498
5137739
5138422
5138424
5138554
5138556
5138658
5138660
5139032
5139531
5140095
5140244
5140247
5140248
5140614
5140616
5140617
5140748
5140750
5140878
5140996
5141042
5141091
5141214
5141606
5141781
5141964
5142579
5142644
5142907
5142908
5142980
5142986
5143623
5143632
5143641
5143856
5143869
5143878
5143888
5143992
5144199
5144437
5144589
5144602
5144633
5144713
5144880
5144881
5144882
5144883
5145051
5145052
5145194
5145204
5145215
5145658
5145690
5145812
5145819
5145925
5145964
5145965
5146831
5146893
5147067
5147217
5147218
5147767
5147771
5147773
5148321
5148660
5148948
5149189
5150046
5150060
5150092
5150336
5150341
5150593
5151123
5151316
5151346
5151467
5151938
5151944
5151945
5151948
5152378
5152386
5152454
5152455
5152481
5152485
5152641
5152764
5152906
5153050
5153265
5153724
5153748
5154473
5200089
5200438
5200481
5200512
5200551
5200575
5200578
5200800
5201158
5201361
5201438
5201439
5202811
5203212
5203215
5203414
5203415
5203772
5203791
5203795
5203806
5203940
5204248
5204397
5204700
5204703
5204704
5204706
5204807
5204808
5204809
5205149
5205417
5205586
5205587
5205662
5205664
5205790
5206101
5206103
5206109
5206594
5207793
5208632
5208634
5208636
5208643
5208644
5208986
5209015
5209058
5209059
5210209
5210434
5210723
5210816
5211445
5211578
5211887
5211890
5212274
5212291
5212293
5212298
5212300
5212320
5212382
5212813
5212814
5213058
5213233
5213308
5213471
5213873
5214033
5214182
5214184
5214243
5215025
5215027
5215094
5215327
5215864
5215872
5216289
5216335
5216434
5216517
5217112
5217882
5217920
5217950
5217951
5218127
5218129
5218307
5218365
5218482
5218558
5218565
5218598
5218834
5218836
5219009
5219012
5219016
5219142
5219315
5219384
5219605
5219725
5219726
5219727
5219888
5219930
5219932
5219934
5220296
5220591
5220595
5221029
5221265
5221626
5221878
5222261
5222327
5222347
5222356
5222444
5222479
5222480
5222482
5222485
5222486
5222488
5222489
5223519
5223596
5223598
5224197
5224198
5224300
5224301
5224304
5224312
5224313
5224582
5224796
5224803
5224972
5224975
5224983
5224984
5224988
5225066
5225151
5225203
5225240
5225318
5225323
5225424
5225434
5225435
5225443
5225473
5225485
5225488
5225489
5225635
5226076
5226299
5226495
5226515
5226724
5226747
5226828
5227615
5227617
5227620
5227861
5227988
5228165
5228479
5228760
5228765
5228768
5228835
5228906
5229378
5229802
5229819
5229821
5229983
5229985
5230017
5230197
5230232
5230239
5230829
5230895
5231042
5231045
5231160
5231278
5231282
5231303
5231355
5232211
5232923
5232941
5233097
5233478
5233706
5233948
5233995
5234081
5234098
5234556
5234730
5234908
5235389
5235395
5236631
5236777
5236922
5236941
5236944
5237525
5237619
5237769
5237843
5238322
5239182
5239183
5239206
5239426
5239471
5239650
5239675
5239769
5240006
5240393
5240406
5240749
5241439
5241482
5241528
5241900
5242258
5242597
5242598
5242888
5242909
5242931
5242933
5242938
5242942
5242944
5242950
5243023
5243026
5243309
5243321
5243345
5244023
5244401
5244479
5244741
5244883
5244886
5244938
5245422
5245805
5246062
5246113
5246115
5246118
5246427
5246750
5247073
5247075
5247101
5247106
5247536
5247780
5247839
5247920
5248237
5248238
5248505
5248506
5248507
5248596
5248716
5248720
5248798
5248800
5248922
5248948
5248949
5248950
5248951
5248961
5249471
5249476
5249477
5249562
5251109
5251115
5251117
5251118
5251239
5251308
5251712
5251735
5251737
5251738
5252033
5252726
5252756
5253211
5253214
5253268
5253372
5253391
5253481
5253516
5253701
5253723
5253797
5254029
5254031
5254043
5254073
5254228
5254233
5254379
5254428
5254474
5255138
5255191
5255557
5255567
5255576
5255578
5255616
5255623
5255979
5255989
5256004
5256117
5256452
5256736
5257072
5257378
5257806
5257811
5257816
5257822
5258001
5258004
5258072
5258149
5258151
5258254
5258273
5301111
5301122
5301339
5301485
5301493
5301810
5301823
5301827
5301830
5301917
5301919
5301921
5302240
5302242
5302247
5302324
5302431
5302837
5303625
5303649
5303650
5303680
5303712
5303714
5303715
5303719
5303944
5303951
5303952
5303953
5304077
5304096
5304099
5304189
5304279
5305252
5305274
5305508
5305509
5305514
5305516
5305572
5305597
5306513
5306525
5306917
5307408
5307441
5307442
5307524
5307698
5307913
5308364
5309379
5310402
5310723
5310724
5310754
5311400
5311402
5312015
5312017
5312292
5312475
5312584
5312585
5312589
5312593
5312755
5312756
5313119
5313124
5313130
5313585
5313974
5313979
5314005
5314083
5314493
5314497
5314506
5314512
5314513
5314694
5314890
5314976
5315108
5315183
5315185
5315188
5315192
5315337
5315427
5315542
5316309
5316383
5316386
5316388
5316675
5316710
5317175
5317176
5317482
5317547
5318119
5318171
5318176
5318177
5318180
5318243
5319016
5319279
5319280
5319294
5319945
5319948
5319971
5320292
5320363
5320613
5320912
5320913
5321035
5321053
5321899
5321977
5321994
5322059
5322071
5322156
5322158
5322443
5322444
5322445
5322471
5322704
5323238
5324168
5325631
5326328
5326357
5327686
5328058
5328067
5328079
5328090
5328094
5328096
5328150
5328192
5328901
5328902
5328911
5328938
5329096
5329181
5329215
5329231
5329473
5329477
5329481
5329483
5329492
5329494
5329503
5329752
5329840
5330307
5330488
5330496
